0.17	0.16	-0.29	-0.00	0.00	0.00	0.70	0.70
0.17	0.15	-0.29	-0.02	0.70	0.21	0.00	0.39
0.17	0.15	-0.30	-0.04	0.70	0.22	0.00	0.38
0.17	0.15	-0.30	-0.06	0.70	0.22	0.00	0.38
0.17	0.15	-0.30	-0.08	0.70	0.22	0.00	0.38
0.17	0.15	-0.31	-0.10	0.70	0.22	0.00	0.38
0.17	0.15	-0.31	-0.11	0.70	0.23	0.00	0.37
0.16	0.15	-0.31	-0.13	0.68	0.23	0.00	0.37
0.16	0.15	-0.32	-0.14	0.66	0.23	0.00	0.37
0.16	0.15	-0.32	-0.16	0.63	0.24	0.00	0.36
0.16	0.15	-0.32	-0.17	0.61	0.25	0.00	0.35
0.16	0.15	-0.32	-0.18	0.59	0.24	0.01	0.36
0.16	0.15	-0.33	-0.19	0.57	0.25	0.03	0.35
0.16	0.15	-0.33	-0.20	0.56	0.26	0.04	0.34
0.16	0.14	-0.33	-0.21	0.55	0.26	0.05	0.34
0.16	0.14	-0.33	-0.22	0.53	0.26	0.07	0.34
0.16	0.14	-0.34	-0.23	0.52	0.27	0.08	0.33
0.16	0.14	-0.34	-0.24	0.51	0.27	0.09	0.33
0.16	0.14	-0.34	-0.25	0.50	0.27	0.10	0.33
0.16	0.14	-0.34	-0.25	0.48	0.27	0.12	0.33
0.16	0.14	-0.35	-0.26	0.48	0.28	0.12	0.32
0.15	0.14	-0.35	-0.27	0.47	0.28	0.13	0.32
0.15	0.14	-0.34	-0.27	0.45	0.28	0.15	0.32
0.15	0.14	-0.35	-0.28	0.46	0.28	0.14	0.32
0.15	0.14	-0.35	-0.28	0.45	0.28	0.15	0.32
0.15	0.14	-0.35	-0.29	0.44	0.28	0.16	0.32
0.15	0.13	-0.35	-0.29	0.44	0.28	0.16	0.32
0.15	0.13	-0.35	-0.30	0.44	0.28	0.16	0.32
0.15	0.13	-0.35	-0.30	0.43	0.29	0.17	0.31
0.15	0.13	-0.36	-0.31	0.43	0.29	0.17	0.31
0.15	0.13	-0.36	-0.31	0.43	0.29	0.17	0.31
0.15	0.13	-0.36	-0.31	0.43	0.29	0.17	0.31
0.15	0.13	-0.36	-0.32	0.42	0.29	0.18	0.31
0.15	0.13	-0.36	-0.32	0.43	0.29	0.17	0.31
0.14	0.13	-0.36	-0.32	0.42	0.30	0.18	0.30
0.14	0.13	-0.37	-0.33	0.43	0.30	0.17	0.30
0.14	0.13	-0.37	-0.33	0.43	0.30	0.17	0.30
0.14	0.13	-0.37	-0.33	0.43	0.30	0.17	0.30
0.14	0.13	-0.37	-0.34	0.43	0.30	0.17	0.30
0.14	0.12	-0.37	-0.34	0.43	0.30	0.17	0.30
0.14	0.12	-0.37	-0.34	0.42	0.30	0.18	0.30
0.14	0.12	-0.37	-0.34	0.43	0.30	0.17	0.30
0.14	0.12	-0.37	-0.35	0.43	0.30	0.17	0.30
0.14	0.12	-0.38	-0.35	0.43	0.30	0.17	0.30
0.14	0.12	-0.38	-0.35	0.44	0.30	0.16	0.30
0.14	0.12	-0.38	-0.35	0.44	0.30	0.16	0.30
0.13	0.12	-0.38	-0.35	0.44	0.31	0.16	0.29
0.13	0.12	-0.38	-0.36	0.44	0.31	0.16	0.29
0.13	0.12	-0.38	-0.36	0.44	0.31	0.16	0.29
0.13	0.12	-0.38	-0.36	0.45	0.31	0.15	0.29
0.13	0.12	-0.39	-0.36	0.45	0.31	0.15	0.29
0.13	0.11	-0.39	-0.36	0.45	0.32	0.15	0.28
0.13	0.11	-0.39	-0.37	0.45	0.32	0.15	0.28
0.13	0.11	-0.39	-0.37	0.46	0.32	0.14	0.28
0.13	0.11	-0.39	-0.37	0.46	0.32	0.14	0.28
0.13	0.11	-0.39	-0.37	0.46	0.32	0.14	0.28
0.12	0.11	-0.39	-0.37	0.47	0.32	0.13	0.28
0.12	0.11	-0.39	-0.37	0.46	0.32	0.14	0.28
0.12	0.11	-0.39	-0.38	0.46	0.32	0.14	0.28
0.12	0.11	-0.39	-0.38	0.47	0.32	0.13	0.28
0.12	0.11	-0.39	-0.38	0.47	0.32	0.13	0.28
0.12	0.11	-0.39	-0.38	0.47	0.32	0.13	0.28
0.12	0.11	-0.39	-0.38	0.48	0.32	0.12	0.28
0.12	0.11	-0.39	-0.38	0.48	0.32	0.12	0.28
0.12	0.10	-0.39	-0.38	0.48	0.32	0.12	0.28
0.11	0.10	-0.39	-0.38	0.49	0.32	0.11	0.28
0.11	0.10	-0.39	-0.38	0.49	0.32	0.11	0.28
0.11	0.10	-0.39	-0.38	0.49	0.32	0.11	0.28
0.11	0.10	-0.39	-0.38	0.50	0.32	0.10	0.28
0.11	0.10	-0.39	-0.38	0.49	0.32	0.11	0.28
0.11	0.10	-0.39	-0.39	0.49	0.31	0.11	0.29
0.11	0.10	-0.39	-0.39	0.50	0.32	0.10	0.28
0.11	0.10	-0.39	-0.39	0.50	0.31	0.10	0.29
0.11	0.10	-0.39	-0.39	0.50	0.31	0.10	0.29
0.10	0.10	-0.39	-0.39	0.51	0.30	0.09	0.30
0.10	0.10	-0.39	-0.39	0.51	0.31	0.09	0.29
0.10	0.10	-0.38	-0.39	0.51	0.30	0.09	0.30
0.10	0.09	-0.38	-0.39	0.52	0.30	0.08	0.30
0.10	0.09	-0.38	-0.39	0.52	0.30	0.08	0.30
0.10	0.09	-0.38	-0.39	0.53	0.30	0.07	0.30
0.10	0.09	-0.38	-0.38	0.53	0.29	0.07	0.31
0.10	0.09	-0.38	-0.38	0.53	0.29	0.07	0.31
0.09	0.09	-0.38	-0.38	0.53	0.29	0.07	0.31
0.09	0.09	-0.37	-0.38	0.53	0.29	0.07	0.31
0.09	0.09	-0.37	-0.38	0.54	0.28	0.06	0.32
0.09	0.09	-0.37	-0.38	0.54	0.28	0.06	0.32
0.09	0.09	-0.37	-0.38	0.55	0.28	0.05	0.32
0.09	0.09	-0.37	-0.38	0.54	0.28	0.06	0.32
0.09	0.09	-0.37	-0.38	0.55	0.28	0.05	0.32
0.09	0.08	-0.37	-0.38	0.56	0.28	0.04	0.32
0.09	0.08	-0.37	-0.38	0.56	0.27	0.04	0.33
0.08	0.08	-0.37	-0.38	0.57	0.27	0.03	0.33
0.08	0.08	-0.36	-0.38	0.57	0.27	0.03	0.33
0.08	0.08	-0.37	-0.38	0.58	0.27	0.02	0.33
0.08	0.08	-0.37	-0.37	0.58	0.27	0.02	0.33
0.08	0.08	-0.36	-0.37	0.58	0.27	0.02	0.33
0.08	0.08	-0.36	-0.37	0.58	0.27	0.02	0.33
0.08	0.08	-0.36	-0.37	0.58	0.26	0.02	0.34
0.08	0.08	-0.36	-0.37	0.59	0.27	0.01	0.33
0.07	0.07	-0.36	-0.37	0.60	0.26	0.00	0.34
0.07	0.07	-0.36	-0.37	0.60	0.26	0.00	0.34
0.07	0.07	-0.36	-0.37	0.60	0.26	0.00	0.34
0.07	0.07	-0.36	-0.37	0.61	0.26	0.00	0.34
0.07	0.07	-0.36	-0.37	0.62	0.26	0.00	0.34
0.07	0.07	-0.36	-0.37	0.62	0.25	0.00	0.35
0.07	0.07	-0.36	-0.37	0.62	0.26	0.00	0.34
0.07	0.07	-0.36	-0.37	0.62	0.26	0.00	0.34
0.07	0.07	-0.36	-0.37	0.62	0.25	0.00	0.35
0.06	0.07	-0.36	-0.36	0.63	0.25	0.00	0.35
0.06	0.06	-0.36	-0.36	0.63	0.25	0.00	0.35
0.06	0.06	-0.36	-0.36	0.64	0.25	0.00	0.35
0.06	0.06	-0.36	-0.36	0.64	0.25	0.00	0.35
0.06	0.06	-0.35	-0.36	0.64	0.25	0.00	0.35
0.06	0.06	-0.35	-0.36	0.65	0.25	0.00	0.35
0.06	0.06	-0.35	-0.36	0.65	0.25	0.00	0.35
0.06	0.06	-0.35	-0.36	0.65	0.26	0.00	0.34
0.06	0.06	-0.36	-0.36	0.65	0.26	0.00	0.34
0.05	0.05	-0.35	-0.36	0.66	0.25	0.00	0.35
0.05	0.05	-0.35	-0.36	0.67	0.25	0.00	0.35
0.05	0.05	-0.31	-0.35	0.64	0.22	0.00	0.38
0.05	0.05	-0.26	-0.35	0.48	0.34	0.12	0.26
0.05	0.05	-0.21	-0.34	0.32	0.30	0.28	0.30
0.05	0.05	-0.20	-0.33	0.28	0.20	0.32	0.40
0.04	0.04	-0.20	-0.32	0.29	0.29	0.31	0.31
0.04	0.04	-0.19	-0.31	0.25	0.26	0.35	0.34
0.04	0.04	-0.17	-0.30	0.15	0.24	0.45	0.36
0.04	0.04	-0.16	-0.29	0.15	0.31	0.45	0.29
0.04	0.04	-0.13	-0.27	0.09	0.26	0.51	0.34
0.04	0.04	-0.13	-0.26	0.13	0.28	0.47	0.32
0.04	0.04	-0.12	-0.25	0.20	0.33	0.40	0.27
0.04	0.04	-0.09	-0.24	0.12	0.25	0.48	0.35
0.04	0.04	-0.08	-0.23	0.09	0.30	0.51	0.30
0.04	0.03	-0.05	-0.21	0.01	0.28	0.59	0.32
0.04	0.03	-0.03	-0.20	0.00	0.24	0.69	0.36
0.03	0.03	-0.01	-0.19	0.00	0.30	0.68	0.30
0.03	0.03	0.01	-0.17	0.00	0.29	0.70	0.31
0.03	0.03	0.03	-0.16	0.00	0.29	0.70	0.31
0.03	0.03	0.06	-0.14	0.00	0.29	0.70	0.31
0.03	0.03	0.08	-0.12	0.00	0.26	0.70	0.34
0.03	0.03	0.10	-0.11	0.00	0.29	0.70	0.31
0.03	0.03	0.12	-0.09	0.00	0.27	0.70	0.33
0.03	0.03	0.13	-0.07	0.00	0.27	0.70	0.33
0.03	0.03	0.15	-0.06	0.00	0.31	0.70	0.29
0.03	0.03	0.17	-0.04	0.00	0.27	0.70	0.33
0.03	0.03	0.19	-0.02	0.00	0.31	0.70	0.29
0.03	0.03	0.20	-0.00	0.00	0.32	0.70	0.28
0.03	0.03	0.22	0.01	0.00	0.28	0.70	0.32
0.03	0.02	0.23	0.03	0.00	0.31	0.70	0.29
0.03	0.02	0.25	0.05	0.00	0.29	0.70	0.31
0.03	0.02	0.27	0.06	0.00	0.28	0.70	0.32
0.03	0.02	0.28	0.08	0.00	0.31	0.70	0.29
0.03	0.02	0.29	0.09	0.00	0.29	0.70	0.31
0.03	0.02	0.30	0.11	0.00	0.30	0.70	0.30
0.03	0.02	0.32	0.13	0.00	0.30	0.70	0.30
0.03	0.02	0.32	0.14	0.00	0.30	0.70	0.30
0.03	0.02	0.33	0.15	0.00	0.31	0.70	0.29
0.03	0.02	0.34	0.17	0.00	0.30	0.70	0.30
0.03	0.02	0.35	0.18	0.00	0.30	0.70	0.30
0.03	0.02	0.35	0.20	0.00	0.32	0.70	0.28
0.03	0.03	0.36	0.21	0.00	0.32	0.70	0.28
0.03	0.03	0.36	0.22	0.00	0.32	0.70	0.28
0.03	0.03	0.37	0.23	0.00	0.34	0.70	0.26
0.03	0.03	0.37	0.24	0.00	0.33	0.70	0.27
0.03	0.03	0.38	0.25	0.00	0.33	0.70	0.27
0.03	0.03	0.38	0.26	0.00	0.33	0.70	0.27
0.04	0.03	0.39	0.27	0.00	0.32	0.70	0.28
0.04	0.03	0.39	0.28	0.00	0.34	0.70	0.26
0.04	0.03	0.39	0.29	0.00	0.33	0.70	0.27
0.04	0.03	0.39	0.30	0.00	0.33	0.70	0.27
0.04	0.03	0.39	0.30	0.00	0.33	0.70	0.27
0.04	0.03	0.39	0.31	0.00	0.34	0.70	0.26
0.04	0.03	0.39	0.32	0.00	0.34	0.70	0.26
0.04	0.03	0.39	0.32	0.00	0.33	0.70	0.27
0.04	0.03	0.39	0.33	0.00	0.33	0.70	0.27
0.04	0.03	0.39	0.33	0.00	0.34	0.70	0.26
0.04	0.03	0.39	0.33	0.00	0.34	0.70	0.26
0.04	0.04	0.38	0.34	0.00	0.33	0.70	0.27
0.04	0.04	0.38	0.34	0.00	0.35	0.70	0.25
0.04	0.04	0.38	0.34	0.00	0.33	0.70	0.27
0.04	0.04	0.38	0.35	0.00	0.34	0.70	0.26
0.05	0.04	0.38	0.35	0.00	0.35	0.70	0.25
0.05	0.04	0.38	0.35	0.00	0.33	0.70	0.27
0.05	0.04	0.38	0.36	0.00	0.33	0.70	0.27
0.05	0.04	0.39	0.36	0.00	0.33	0.70	0.27
0.05	0.04	0.39	0.36	0.00	0.32	0.70	0.28
0.05	0.04	0.38	0.36	0.00	0.33	0.70	0.27
0.05	0.04	0.39	0.36	0.00	0.32	0.70	0.28
0.05	0.05	0.39	0.37	0.00	0.32	0.70	0.28
0.05	0.05	0.39	0.37	0.00	0.32	0.70	0.28
0.05	0.05	0.39	0.37	0.00	0.31	0.70	0.29
0.05	0.05	0.39	0.37	0.00	0.32	0.70	0.28
0.05	0.05	0.39	0.37	0.00	0.31	0.70	0.29
0.05	0.05	0.39	0.37	0.00	0.31	0.70	0.29
0.05	0.05	0.39	0.37	0.00	0.31	0.70	0.29
0.05	0.05	0.39	0.38	0.00	0.30	0.70	0.30
0.05	0.05	0.39	0.38	0.00	0.30	0.70	0.30
0.06	0.05	0.39	0.38	0.00	0.31	0.70	0.29
0.06	0.06	0.39	0.38	0.00	0.29	0.70	0.31
0.06	0.06	0.39	0.38	0.00	0.30	0.70	0.30
0.06	0.06	0.40	0.38	0.00	0.30	0.70	0.30
0.06	0.06	0.40	0.38	0.00	0.29	0.70	0.31
0.06	0.06	0.40	0.38	0.00	0.29	0.70	0.31
0.06	0.06	0.40	0.38	0.00	0.29	0.70	0.31
0.06	0.06	0.40	0.39	0.00	0.28	0.70	0.32
0.06	0.06	0.40	0.39	0.00	0.29	0.70	0.31
0.06	0.06	0.40	0.39	0.00	0.29	0.70	0.31
0.06	0.06	0.40	0.39	0.00	0.29	0.70	0.31
0.06	0.07	0.40	0.39	0.00	0.29	0.70	0.31
0.06	0.07	0.40	0.39	0.00	0.30	0.70	0.30
0.06	0.07	0.40	0.39	0.00	0.29	0.70	0.31
0.06	0.07	0.40	0.39	0.00	0.29	0.70	0.31
0.07	0.07	0.39	0.39	0.00	0.29	0.70	0.31
0.07	0.07	0.39	0.39	0.00	0.30	0.70	0.30
0.07	0.07	0.39	0.39	0.00	0.29	0.70	0.31
0.07	0.07	0.39	0.39	0.00	0.30	0.70	0.30
0.07	0.07	0.39	0.39	0.00	0.30	0.70	0.30
0.07	0.07	0.39	0.39	0.00	0.29	0.70	0.31
0.07	0.08	0.39	0.39	0.00	0.29	0.70	0.31
0.07	0.08	0.39	0.39	0.00	0.29	0.70	0.31
0.07	0.08	0.39	0.39	0.00	0.29	0.70	0.31
0.07	0.08	0.39	0.39	0.00	0.29	0.70	0.31
0.07	0.08	0.39	0.39	0.00	0.29	0.70	0.31
0.07	0.08	0.39	0.39	0.00	0.28	0.70	0.32
0.07	0.08	0.39	0.39	0.00	0.28	0.70	0.32
0.08	0.08	0.39	0.39	0.00	0.28	0.70	0.32
0.08	0.08	0.39	0.39	0.00	0.28	0.70	0.32
0.08	0.08	0.39	0.39	0.00	0.28	0.70	0.32
0.08	0.08	0.39	0.39	0.00	0.28	0.70	0.32
0.08	0.09	0.38	0.39	0.00	0.28	0.70	0.32
0.08	0.09	0.38	0.39	0.00	0.28	0.70	0.32
0.08	0.09	0.38	0.39	0.00	0.28	0.70	0.32
0.08	0.09	0.38	0.39	0.00	0.29	0.70	0.31
0.08	0.09	0.38	0.39	0.00	0.28	0.70	0.32
0.08	0.09	0.38	0.39	0.00	0.28	0.70	0.32
0.08	0.09	0.38	0.39	0.00	0.28	0.70	0.32
0.08	0.09	0.38	0.39	0.00	0.27	0.70	0.33
0.08	0.09	0.38	0.39	0.00	0.28	0.70	0.32
0.09	0.09	0.38	0.39	0.00	0.27	0.70	0.33
0.09	0.09	0.38	0.38	0.00	0.27	0.70	0.33
0.09	0.10	0.38	0.38	0.00	0.28	0.70	0.32
0.09	0.10	0.37	0.38	0.00	0.28	0.70	0.32
0.09	0.10	0.37	0.38	0.00	0.28	0.70	0.32
0.09	0.10	0.37	0.38	0.00	0.28	0.70	0.32
0.09	0.10	0.37	0.38	0.00	0.28	0.70	0.32
0.09	0.10	0.37	0.38	0.00	0.28	0.70	0.32
0.09	0.10	0.37	0.38	0.00	0.28	0.70	0.32
0.09	0.10	0.36	0.38	0.00	0.28	0.70	0.32
0.09	0.10	0.36	0.38	0.00	0.29	0.70	0.31
0.09	0.10	0.36	0.38	0.00	0.28	0.70	0.32
0.10	0.10	0.36	0.37	0.00	0.29	0.70	0.31
0.10	0.10	0.36	0.37	0.00	0.29	0.70	0.31
0.10	0.10	0.36	0.37	0.00	0.28	0.70	0.32
0.10	0.11	0.35	0.37	0.00	0.28	0.70	0.32
0.10	0.11	0.35	0.37	0.00	0.28	0.70	0.32
0.10	0.11	0.35	0.37	0.00	0.28	0.70	0.32
0.10	0.11	0.35	0.37	0.00	0.29	0.70	0.31
0.10	0.11	0.34	0.36	0.00	0.29	0.70	0.31
0.10	0.11	0.34	0.36	0.00	0.28	0.70	0.32
0.10	0.11	0.34	0.36	0.00	0.28	0.70	0.32
0.10	0.11	0.34	0.36	0.00	0.29	0.70	0.31
0.11	0.11	0.33	0.36	0.00	0.28	0.70	0.32
0.11	0.11	0.33	0.35	0.00	0.29	0.70	0.31
0.11	0.11	0.33	0.35	0.00	0.29	0.70	0.31
0.11	0.11	0.32	0.35	0.00	0.29	0.70	0.31
0.11	0.11	0.32	0.35	0.00	0.29	0.70	0.31
0.11	0.11	0.31	0.35	0.00	0.30	0.70	0.30
0.11	0.12	0.31	0.34	0.00	0.29	0.70	0.31
0.11	0.12	0.31	0.34	0.00	0.29	0.70	0.31
0.11	0.12	0.30	0.34	0.00	0.30	0.70	0.30
0.11	0.12	0.29	0.33	0.00	0.30	0.70	0.30
0.11	0.12	0.28	0.33	0.00	0.30	0.70	0.30
0.12	0.12	0.28	0.33	0.00	0.30	0.70	0.30
0.12	0.12	0.27	0.32	0.00	0.30	0.70	0.30
0.12	0.12	0.26	0.32	0.00	0.30	0.70	0.30
0.12	0.12	0.25	0.31	0.00	0.30	0.70	0.30
0.12	0.12	0.24	0.31	0.00	0.30	0.70	0.30
0.12	0.12	0.23	0.30	0.00	0.29	0.70	0.31
0.12	0.12	0.22	0.30	0.00	0.30	0.70	0.30
0.12	0.12	0.21	0.29	0.00	0.30	0.70	0.30
0.12	0.12	0.19	0.28	0.00	0.30	0.70	0.30
0.12	0.12	0.18	0.27	0.00	0.30	0.70	0.30
0.12	0.12	0.16	0.27	0.00	0.30	0.68	0.30
0.12	0.12	0.15	0.26	0.00	0.30	0.64	0.30
0.12	0.12	0.13	0.25	0.00	0.30	0.61	0.30
0.12	0.13	0.11	0.24	0.02	0.30	0.58	0.30
0.13	0.13	0.09	0.23	0.06	0.31	0.54	0.29
0.13	0.13	0.08	0.21	0.09	0.31	0.51	0.29
0.13	0.13	0.06	0.20	0.13	0.30	0.47	0.30
0.13	0.13	0.04	0.19	0.17	0.30	0.43	0.30
0.13	0.13	0.02	0.18	0.20	0.30	0.40	0.30
0.13	0.13	0.00	0.16	0.22	0.31	0.38	0.29
0.13	0.13	-0.01	0.15	0.26	0.30	0.34	0.30
0.13	0.13	-0.03	0.14	0.30	0.30	0.30	0.30
0.13	0.13	-0.05	0.12	0.33	0.30	0.27	0.30
0.13	0.13	-0.06	0.11	0.34	0.30	0.26	0.30
0.13	0.13	-0.08	0.09	0.35	0.31	0.25	0.29
0.13	0.13	-0.10	0.08	0.39	0.31	0.21	0.29
0.13	0.13	-0.11	0.07	0.39	0.32	0.21	0.28
0.13	0.13	-0.12	0.05	0.41	0.31	0.19	0.29
0.13	0.13	-0.13	0.04	0.43	0.31	0.17	0.29
0.13	0.13	-0.14	0.02	0.43	0.31	0.17	0.29
0.13	0.13	-0.15	0.01	0.42	0.31	0.18	0.29
0.13	0.13	-0.16	-0.00	0.44	0.32	0.16	0.28
0.13	0.13	-0.17	-0.01	0.44	0.31	0.16	0.29
0.13	0.13	-0.18	-0.03	0.44	0.32	0.16	0.28
0.13	0.13	-0.19	-0.04	0.44	0.32	0.16	0.28
0.13	0.13	-0.19	-0.05	0.43	0.32	0.17	0.28
0.13	0.13	-0.20	-0.06	0.43	0.32	0.17	0.28
0.13	0.13	-0.20	-0.07	0.42	0.32	0.18	0.28
0.13	0.13	-0.21	-0.08	0.42	0.32	0.18	0.28
0.13	0.13	-0.21	-0.09	0.42	0.32	0.18	0.28
0.13	0.13	-0.22	-0.10	0.41	0.32	0.19	0.28
0.13	0.13	-0.22	-0.11	0.41	0.32	0.19	0.28
0.13	0.13	-0.22	-0.12	0.40	0.33	0.20	0.27
0.13	0.12	-0.22	-0.13	0.39	0.32	0.21	0.28
0.13	0.12	-0.23	-0.13	0.39	0.32	0.21	0.28
0.12	0.12	-0.23	-0.14	0.38	0.33	0.22	0.27
0.12	0.12	-0.23	-0.15	0.37	0.32	0.23	0.28
0.12	0.12	-0.23	-0.15	0.37	0.32	0.23	0.28
0.12	0.12	-0.24	-0.16	0.37	0.32	0.23	0.28
0.12	0.12	-0.24	-0.17	0.35	0.33	0.25	0.27
0.12	0.12	-0.24	-0.17	0.35	0.33	0.25	0.27
0.12	0.12	-0.25	-0.18	0.35	0.33	0.25	0.27
0.12	0.12	-0.25	-0.18	0.35	0.33	0.25	0.27
0.12	0.12	-0.25	-0.19	0.35	0.33	0.25	0.27
0.12	0.12	-0.25	-0.19	0.34	0.32	0.26	0.28
0.12	0.12	-0.25	-0.20	0.34	0.33	0.26	0.27
0.12	0.12	-0.25	-0.20	0.34	0.33	0.26	0.27
0.12	0.12	-0.25	-0.20	0.33	0.33	0.27	0.27
0.12	0.12	-0.25	-0.21	0.33	0.33	0.27	0.27
0.12	0.12	-0.25	-0.21	0.33	0.33	0.27	0.27
0.12	0.12	-0.26	-0.22	0.34	0.33	0.26	0.27
0.12	0.12	-0.26	-0.22	0.33	0.33	0.27	0.27
0.12	0.12	-0.26	-0.22	0.33	0.32	0.27	0.28
0.12	0.12	-0.26	-0.22	0.32	0.32	0.28	0.28
0.12	0.12	-0.26	-0.23	0.32	0.33	0.28	0.27
0.11	0.12	-0.26	-0.23	0.32	0.33	0.28	0.27
0.11	0.12	-0.26	-0.23	0.33	0.32	0.27	0.28
0.11	0.12	-0.26	-0.23	0.32	0.32	0.28	0.28
0.11	0.12	-0.26	-0.24	0.33	0.32	0.27	0.28
0.11	0.12	-0.26	-0.24	0.33	0.32	0.27	0.28
0.11	0.12	-0.26	-0.24	0.33	0.31	0.27	0.29
0.11	0.12	-0.26	-0.24	0.33	0.31	0.27	0.29
0.11	0.12	-0.26	-0.24	0.33	0.31	0.27	0.29
0.11	0.12	-0.26	-0.24	0.33	0.31	0.27	0.29
0.11	0.12	-0.26	-0.24	0.33	0.30	0.27	0.30
0.11	0.12	-0.26	-0.24	0.33	0.30	0.27	0.30
0.11	0.12	-0.26	-0.25	0.34	0.30	0.26	0.30
0.11	0.11	-0.26	-0.25	0.34	0.30	0.26	0.30
0.11	0.11	-0.26	-0.25	0.34	0.29	0.26	0.31
0.11	0.11	-0.25	-0.25	0.34	0.29	0.26	0.31
0.11	0.11	-0.26	-0.25	0.34	0.29	0.26	0.31
0.11	0.11	-0.26	-0.25	0.34	0.29	0.26	0.31
0.10	0.11	-0.26	-0.25	0.34	0.29	0.26	0.31
0.10	0.11	-0.26	-0.25	0.34	0.29	0.26	0.31
0.10	0.11	-0.26	-0.25	0.34	0.29	0.26	0.31
0.10	0.11	-0.26	-0.25	0.35	0.29	0.25	0.31
0.10	0.11	-0.26	-0.25	0.35	0.28	0.25	0.32
0.10	0.11	-0.26	-0.25	0.36	0.28	0.24	0.32
0.10	0.11	-0.26	-0.25	0.35	0.28	0.25	0.32
0.10	0.11	-0.26	-0.25	0.36	0.28	0.24	0.32
0.10	0.11	-0.25	-0.25	0.35	0.28	0.25	0.32
0.10	0.11	-0.26	-0.25	0.36	0.28	0.24	0.32
0.10	0.11	-0.26	-0.25	0.36	0.28	0.24	0.32
0.10	0.11	-0.25	-0.25	0.36	0.27	0.24	0.33
0.10	0.11	-0.25	-0.25	0.36	0.27	0.24	0.33
0.10	0.11	-0.26	-0.25	0.37	0.27	0.23	0.33
0.10	0.11	-0.26	-0.25	0.37	0.27	0.23	0.33
0.10	0.11	-0.26	-0.25	0.37	0.27	0.23	0.33
0.10	0.11	-0.26	-0.25	0.37	0.27	0.23	0.33
0.09	0.11	-0.26	-0.25	0.37	0.27	0.23	0.33
0.09	0.10	-0.26	-0.25	0.38	0.27	0.22	0.33
0.09	0.10	-0.26	-0.25	0.38	0.27	0.22	0.33
0.09	0.10	-0.26	-0.25	0.38	0.26	0.22	0.34
0.09	0.10	-0.26	-0.26	0.38	0.27	0.22	0.33
0.09	0.10	-0.26	-0.26	0.38	0.27	0.22	0.33
0.09	0.10	-0.26	-0.26	0.38	0.26	0.22	0.34
0.09	0.10	-0.26	-0.26	0.39	0.26	0.21	0.34
0.09	0.10	-0.26	-0.26	0.39	0.26	0.21	0.34
0.09	0.10	-0.26	-0.26	0.40	0.26	0.20	0.34
0.09	0.10	-0.26	-0.26	0.39	0.27	0.21	0.33
0.09	0.10	-0.26	-0.26	0.40	0.27	0.20	0.33
0.09	0.10	-0.27	-0.26	0.40	0.28	0.20	0.32
0.09	0.10	-0.27	-0.26	0.40	0.27	0.20	0.33
0.09	0.10	-0.27	-0.26	0.41	0.28	0.19	0.32
0.09	0.10	-0.27	-0.26	0.42	0.28	0.18	0.32
0.09	0.09	-0.27	-0.26	0.41	0.28	0.19	0.32
0.09	0.09	-0.27	-0.26	0.41	0.29	0.19	0.31
0.09	0.09	-0.27	-0.26	0.42	0.29	0.18	0.31
0.08	0.09	-0.27	-0.26	0.42	0.29	0.18	0.31
0.08	0.09	-0.28	-0.26	0.43	0.29	0.17	0.31
0.08	0.09	-0.28	-0.26	0.43	0.30	0.17	0.30
0.08	0.09	-0.28	-0.27	0.42	0.29	0.18	0.31
0.08	0.09	-0.28	-0.27	0.43	0.29	0.17	0.31
0.08	0.09	-0.28	-0.27	0.44	0.29	0.16	0.31
0.08	0.09	-0.28	-0.27	0.43	0.31	0.17	0.29
0.08	0.09	-0.28	-0.27	0.43	0.30	0.17	0.30
0.08	0.09	-0.29	-0.27	0.45	0.30	0.15	0.30
0.08	0.09	-0.29	-0.27	0.44	0.31	0.16	0.29
0.08	0.08	-0.29	-0.27	0.45	0.31	0.15	0.29
0.08	0.08	-0.29	-0.28	0.45	0.31	0.15	0.29
0.08	0.08	-0.29	-0.28	0.45	0.31	0.15	0.29
0.08	0.08	-0.29	-0.28	0.45	0.31	0.15	0.29
0.08	0.08	-0.29	-0.28	0.45	0.31	0.15	0.29
0.08	0.08	-0.29	-0.28	0.46	0.31	0.14	0.29
0.08	0.08	-0.29	-0.28	0.46	0.31	0.14	0.29
0.08	0.08	-0.30	-0.28	0.47	0.31	0.13	0.29
0.07	0.08	-0.30	-0.28	0.46	0.31	0.14	0.29
0.07	0.08	-0.30	-0.28	0.46	0.31	0.14	0.29
0.07	0.08	-0.30	-0.28	0.47	0.31	0.13	0.29
0.07	0.08	-0.30	-0.29	0.47	0.31	0.13	0.29
0.07	0.08	-0.30	-0.29	0.47	0.32	0.13	0.28
0.07	0.07	-0.30	-0.29	0.47	0.32	0.13	0.28
0.07	0.07	-0.30	-0.29	0.47	0.31	0.13	0.29
0.07	0.07	-0.30	-0.29	0.48	0.32	0.12	0.28
0.07	0.07	-0.30	-0.29	0.48	0.32	0.12	0.28
0.07	0.07	-0.30	-0.29	0.48	0.33	0.12	0.27
0.07	0.07	-0.30	-0.29	0.48	0.33	0.12	0.27
0.07	0.07	-0.31	-0.29	0.49	0.32	0.11	0.28
0.07	0.07	-0.31	-0.29	0.50	0.33	0.10	0.27
0.07	0.07	-0.31	-0.30	0.50	0.33	0.10	0.27
0.07	0.07	-0.31	-0.30	0.50	0.33	0.10	0.27
0.06	0.07	-0.31	-0.30	0.50	0.33	0.10	0.27
0.06	0.07	-0.31	-0.30	0.50	0.33	0.10	0.27
0.06	0.07	-0.31	-0.30	0.51	0.33	0.09	0.27
0.06	0.06	-0.31	-0.30	0.51	0.33	0.09	0.27
0.06	0.06	-0.31	-0.30	0.52	0.33	0.08	0.27
0.06	0.06	-0.31	-0.30	0.51	0.33	0.09	0.27
0.06	0.06	-0.31	-0.30	0.52	0.33	0.08	0.27
0.06	0.06	-0.31	-0.30	0.52	0.32	0.08	0.28
0.06	0.06	-0.31	-0.30	0.53	0.32	0.07	0.28
0.06	0.06	-0.31	-0.30	0.53	0.32	0.07	0.28
0.06	0.06	-0.31	-0.30	0.53	0.32	0.07	0.28
0.06	0.06	-0.31	-0.31	0.53	0.33	0.07	0.27
0.05	0.06	-0.31	-0.31	0.53	0.32	0.07	0.28
0.05	0.06	-0.31	-0.31	0.54	0.32	0.06	0.28
0.05	0.06	-0.31	-0.31	0.54	0.32	0.06	0.28
0.05	0.06	-0.31	-0.31	0.54	0.32	0.06	0.28
0.05	0.05	-0.31	-0.31	0.54	0.32	0.06	0.28
0.05	0.05	-0.31	-0.31	0.54	0.32	0.06	0.28
0.05	0.05	-0.31	-0.31	0.55	0.33	0.05	0.27
0.05	0.05	-0.31	-0.31	0.55	0.32	0.05	0.28
0.05	0.05	-0.31	-0.31	0.55	0.32	0.05	0.28
0.05	0.05	-0.31	-0.31	0.55	0.32	0.05	0.28
0.05	0.05	-0.31	-0.31	0.56	0.32	0.04	0.28
0.05	0.05	-0.30	-0.31	0.56	0.32	0.04	0.28
0.04	0.05	-0.30	-0.31	0.56	0.31	0.04	0.29
0.04	0.05	-0.30	-0.31	0.57	0.32	0.03	0.28
0.04	0.05	-0.30	-0.31	0.57	0.31	0.03	0.29
0.04	0.05	-0.30	-0.31	0.57	0.31	0.03	0.29
0.04	0.04	-0.29	-0.30	0.57	0.30	0.03	0.30
0.04	0.04	-0.22	-0.30	0.53	0.24	0.07	0.36
0.04	0.04	-0.17	-0.29	0.31	0.45	0.29	0.15
0.03	0.04	-0.11	-0.27	0.12	0.34	0.48	0.26
0.03	0.04	-0.10	-0.26	0.08	0.22	0.52	0.38
0.03	0.04	-0.10	-0.25	0.12	0.35	0.48	0.25
0.03	0.04	-0.07	-0.24	0.04	0.27	0.56	0.33
0.03	0.04	-0.06	-0.22	0.00	0.25	0.65	0.35
0.03	0.04	-0.05	-0.21	0.00	0.31	0.64	0.29
0.03	0.04	-0.03	-0.20	0.00	0.26	0.70	0.34
0.03	0.04	-0.02	-0.18	0.00	0.29	0.63	0.31
0.03	0.03	-0.01	-0.17	0.05	0.33	0.55	0.27
0.03	0.03	0.01	-0.16	0.00	0.24	0.64	0.36
0.03	0.03	0.03	-0.14	0.00	0.31	0.61	0.29
0.02	0.03	0.06	-0.13	0.00	0.24	0.70	0.36
0.02	0.03	0.07	-0.11	0.00	0.24	0.70	0.36
0.02	0.03	0.09	-0.10	0.00	0.30	0.70	0.30
0.02	0.03	0.11	-0.08	0.00	0.25	0.70	0.35
0.02	0.03	0.13	-0.06	0.00	0.28	0.70	0.32
0.02	0.03	0.16	-0.05	0.00	0.27	0.70	0.33
0.02	0.03	0.18	-0.03	0.00	0.24	0.70	0.36
0.02	0.03	0.19	-0.01	0.00	0.30	0.70	0.30
0.02	0.03	0.21	0.00	0.00	0.25	0.70	0.35
0.02	0.03	0.23	0.02	0.00	0.27	0.70	0.33
0.02	0.03	0.25	0.04	0.00	0.30	0.70	0.30
0.02	0.03	0.26	0.05	0.00	0.25	0.70	0.35
0.02	0.03	0.27	0.07	0.00	0.34	0.70	0.26
0.02	0.03	0.29	0.09	0.00	0.27	0.70	0.33
0.02	0.03	0.30	0.10	0.00	0.29	0.70	0.31
0.02	0.03	0.31	0.12	0.00	0.31	0.70	0.29
0.02	0.03	0.33	0.14	0.00	0.27	0.70	0.33
0.02	0.03	0.34	0.15	0.00	0.30	0.70	0.30
0.02	0.03	0.35	0.17	0.00	0.29	0.70	0.31
0.02	0.03	0.36	0.18	0.00	0.29	0.70	0.31
0.02	0.03	0.37	0.19	0.00	0.30	0.70	0.30
0.02	0.03	0.38	0.21	0.00	0.30	0.70	0.30
0.03	0.03	0.38	0.22	0.00	0.31	0.70	0.29
0.03	0.03	0.39	0.23	0.00	0.32	0.70	0.28
0.03	0.03	0.40	0.25	0.00	0.31	0.70	0.29
0.03	0.03	0.40	0.26	0.00	0.33	0.70	0.27
0.03	0.04	0.41	0.27	0.00	0.32	0.70	0.28
0.03	0.04	0.41	0.28	0.00	0.31	0.70	0.29
0.03	0.04	0.41	0.29	0.00	0.34	0.70	0.26
0.03	0.04	0.41	0.30	0.00	0.33	0.70	0.27
0.03	0.04	0.42	0.31	0.00	0.33	0.70	0.27
0.03	0.04	0.42	0.32	0.00	0.35	0.70	0.25
0.03	0.04	0.42	0.32	0.00	0.33	0.70	0.27
0.03	0.04	0.42	0.33	0.00	0.34	0.70	0.26
0.03	0.04	0.43	0.34	0.00	0.33	0.70	0.27
0.03	0.04	0.43	0.35	0.00	0.32	0.70	0.28
0.04	0.04	0.43	0.35	0.00	0.33	0.70	0.27
0.04	0.04	0.43	0.36	0.00	0.32	0.70	0.28
0.04	0.04	0.42	0.36	0.00	0.34	0.70	0.26
0.04	0.04	0.42	0.37	0.00	0.34	0.70	0.26
0.04	0.04	0.42	0.37	0.00	0.34	0.70	0.26
0.04	0.05	0.42	0.38	0.00	0.34	0.70	0.26
0.04	0.05	0.42	0.38	0.00	0.35	0.70	0.25
0.04	0.05	0.42	0.38	0.00	0.35	0.70	0.25
0.04	0.05	0.42	0.38	0.00	0.35	0.70	0.25
0.04	0.05	0.42	0.39	0.00	0.35	0.70	0.25
0.04	0.05	0.42	0.39	0.00	0.34	0.70	0.26
0.04	0.05	0.42	0.39	0.00	0.35	0.70	0.25
0.05	0.05	0.42	0.39	0.00	0.35	0.70	0.25
0.05	0.05	0.42	0.39	0.00	0.33	0.70	0.27
0.05	0.05	0.41	0.40	0.00	0.34	0.70	0.26
0.05	0.06	0.42	0.40	0.00	0.33	0.70	0.27
0.05	0.06	0.42	0.40	0.00	0.32	0.70	0.28
0.05	0.06	0.42	0.40	0.00	0.33	0.70	0.27
0.05	0.06	0.42	0.40	0.00	0.31	0.70	0.29
0.05	0.06	0.42	0.40	0.00	0.32	0.70	0.28
0.05	0.06	0.42	0.40	0.00	0.32	0.70	0.28
0.05	0.06	0.42	0.41	0.00	0.31	0.70	0.29
0.05	0.06	0.42	0.41	0.00	0.32	0.70	0.28
0.06	0.06	0.42	0.41	0.00	0.31	0.70	0.29
0.06	0.06	0.42	0.41	0.00	0.30	0.70	0.30
0.06	0.07	0.42	0.41	0.00	0.31	0.70	0.29
0.06	0.07	0.42	0.41	0.00	0.30	0.70	0.30
0.06	0.07	0.42	0.41	0.00	0.30	0.70	0.30
0.06	0.07	0.42	0.41	0.00	0.31	0.70	0.29
0.06	0.07	0.42	0.41	0.00	0.31	0.70	0.29
0.06	0.07	0.42	0.41	0.00	0.31	0.70	0.29
0.06	0.07	0.42	0.41	0.00	0.30	0.70	0.30
0.06	0.07	0.42	0.41	0.00	0.29	0.70	0.31
0.06	0.07	0.42	0.41	0.00	0.30	0.70	0.30
0.07	0.08	0.42	0.41	0.00	0.29	0.70	0.31
0.07	0.08	0.42	0.42	0.00	0.29	0.70	0.31
0.07	0.08	0.42	0.42	0.00	0.30	0.70	0.30
0.07	0.08	0.42	0.42	0.00	0.28	0.70	0.32
0.07	0.08	0.42	0.42	0.00	0.29	0.70	0.31
0.07	0.08	0.42	0.42	0.00	0.29	0.70	0.31
0.07	0.08	0.42	0.42	0.00	0.28	0.70	0.32
0.07	0.08	0.42	0.42	0.00	0.29	0.70	0.31
0.07	0.08	0.42	0.42	0.00	0.27	0.70	0.33
0.07	0.08	0.42	0.42	0.00	0.27	0.70	0.33
0.07	0.09	0.42	0.42	0.00	0.28	0.70	0.32
0.08	0.09	0.42	0.42	0.00	0.27	0.70	0.33
0.08	0.09	0.42	0.42	0.00	0.27	0.70	0.33
0.08	0.09	0.42	0.42	0.00	0.28	0.70	0.32
0.08	0.09	0.42	0.42	0.00	0.27	0.70	0.33
0.08	0.09	0.41	0.42	0.00	0.27	0.70	0.33
0.08	0.09	0.42	0.42	0.00	0.26	0.70	0.34
0.08	0.09	0.41	0.42	0.00	0.27	0.70	0.33
0.08	0.09	0.41	0.42	0.00	0.26	0.70	0.34
0.08	0.09	0.41	0.42	0.00	0.25	0.70	0.35
0.09	0.10	0.41	0.42	0.00	0.26	0.70	0.34
0.09	0.10	0.41	0.41	0.00	0.26	0.70	0.34
0.09	0.10	0.41	0.41	0.00	0.26	0.70	0.34
0.09	0.10	0.41	0.41	0.00	0.26	0.70	0.34
0.09	0.10	0.40	0.41	0.00	0.26	0.70	0.34
0.09	0.10	0.40	0.41	0.00	0.26	0.70	0.34
0.09	0.10	0.40	0.41	0.00	0.26	0.70	0.34
0.09	0.10	0.40	0.41	0.00	0.26	0.70	0.34
0.09	0.10	0.39	0.41	0.00	0.27	0.70	0.33
0.09	0.10	0.39	0.41	0.00	0.27	0.70	0.33
0.10	0.10	0.39	0.41	0.00	0.28	0.70	0.32
0.10	0.11	0.38	0.40	0.00	0.28	0.70	0.32
0.10	0.11	0.38	0.40	0.00	0.28	0.70	0.32
0.10	0.11	0.38	0.40	0.00	0.28	0.70	0.32
0.10	0.11	0.37	0.40	0.00	0.29	0.70	0.31
0.10	0.11	0.37	0.40	0.00	0.27	0.70	0.33
0.10	0.11	0.36	0.39	0.00	0.29	0.70	0.31
0.10	0.11	0.36	0.39	0.00	0.29	0.70	0.31
0.10	0.11	0.35	0.39	0.00	0.29	0.70	0.31
0.11	0.11	0.34	0.38	0.00	0.30	0.70	0.30
0.11	0.11	0.34	0.38	0.00	0.28	0.70	0.32
0.11	0.11	0.33	0.38	0.00	0.29	0.70	0.31
0.11	0.11	0.32	0.37	0.00	0.29	0.70	0.31
0.11	0.12	0.31	0.37	0.00	0.29	0.70	0.31
0.11	0.12	0.30	0.36	0.00	0.29	0.70	0.31
0.11	0.12	0.29	0.36	0.00	0.30	0.70	0.30
0.11	0.12	0.27	0.35	0.00	0.30	0.70	0.30
0.11	0.12	0.26	0.34	0.00	0.30	0.70	0.30
0.11	0.12	0.24	0.34	0.00	0.30	0.70	0.30
0.12	0.12	0.23	0.33	0.00	0.30	0.70	0.30
0.12	0.12	0.21	0.32	0.00	0.31	0.70	0.29
0.12	0.12	0.19	0.31	0.00	0.31	0.69	0.29
0.12	0.12	0.17	0.30	0.00	0.31	0.64	0.29
0.12	0.12	0.15	0.29	0.00	0.32	0.60	0.28
0.12	0.12	0.12	0.27	0.05	0.32	0.55	0.28
0.12	0.12	0.10	0.26	0.09	0.32	0.51	0.28
0.12	0.12	0.08	0.25	0.13	0.32	0.47	0.28
0.12	0.12	0.06	0.23	0.17	0.32	0.43	0.28
0.12	0.13	0.03	0.22	0.22	0.33	0.38	0.27
0.12	0.13	0.01	0.20	0.26	0.34	0.34	0.26
0.12	0.13	-0.01	0.19	0.31	0.33	0.29	0.27
0.12	0.13	-0.03	0.17	0.34	0.34	0.26	0.26
0.12	0.13	-0.05	0.15	0.36	0.34	0.24	0.26
0.12	0.13	-0.08	0.14	0.40	0.35	0.20	0.25
0.12	0.13	-0.09	0.12	0.43	0.35	0.17	0.25
0.12	0.13	-0.11	0.10	0.45	0.35	0.15	0.25
0.12	0.13	-0.13	0.08	0.47	0.36	0.13	0.24
0.12	0.13	-0.14	0.07	0.49	0.35	0.11	0.25
0.13	0.13	-0.16	0.05	0.50	0.36	0.10	0.24
0.12	0.13	-0.17	0.03	0.51	0.36	0.09	0.24
0.12	0.13	-0.18	0.02	0.51	0.36	0.09	0.24
0.12	0.13	-0.20	0.00	0.52	0.36	0.08	0.24
0.12	0.13	-0.21	-0.02	0.53	0.36	0.07	0.24
0.12	0.13	-0.22	-0.03	0.52	0.35	0.08	0.25
0.12	0.13	-0.22	-0.05	0.52	0.35	0.08	0.25
0.12	0.13	-0.23	-0.06	0.52	0.35	0.08	0.25
0.12	0.13	-0.24	-0.07	0.52	0.35	0.08	0.25
0.12	0.13	-0.24	-0.09	0.51	0.35	0.09	0.25
0.12	0.13	-0.25	-0.10	0.50	0.35	0.10	0.25
0.12	0.13	-0.25	-0.11	0.50	0.35	0.10	0.25
0.12	0.13	-0.26	-0.12	0.49	0.35	0.11	0.25
0.12	0.13	-0.26	-0.13	0.48	0.34	0.12	0.26
0.12	0.13	-0.26	-0.14	0.48	0.34	0.12	0.26
0.12	0.13	-0.27	-0.15	0.48	0.34	0.12	0.26
0.12	0.13	-0.27	-0.16	0.47	0.35	0.13	0.25
0.12	0.13	-0.27	-0.17	0.45	0.35	0.15	0.25
0.12	0.13	-0.28	-0.18	0.45	0.35	0.15	0.25
0.12	0.12	-0.28	-0.18	0.44	0.34	0.16	0.26
0.12	0.12	-0.28	-0.19	0.44	0.34	0.16	0.26
0.12	0.12	-0.28	-0.20	0.43	0.34	0.17	0.26
0.12	0.12	-0.28	-0.20	0.42	0.34	0.18	0.26
0.12	0.12	-0.28	-0.21	0.42	0.34	0.18	0.26
0.12	0.12	-0.28	-0.22	0.42	0.34	0.18	0.26
0.12	0.12	-0.28	-0.22	0.41	0.34	0.19	0.26
0.12	0.12	-0.29	-0.23	0.40	0.34	0.20	0.26
0.12	0.12	-0.28	-0.23	0.40	0.34	0.20	0.26
0.11	0.12	-0.29	-0.23	0.40	0.34	0.20	0.26
0.11	0.12	-0.29	-0.24	0.39	0.34	0.21	0.26
0.11	0.12	-0.29	-0.24	0.39	0.33	0.21	0.27
0.11	0.12	-0.29	-0.25	0.39	0.33	0.21	0.27
0.11	0.12	-0.28	-0.25	0.38	0.33	0.22	0.27
0.11	0.12	-0.29	-0.25	0.39	0.33	0.21	0.27
0.11	0.12	-0.28	-0.25	0.38	0.32	0.22	0.28
0.11	0.12	-0.28	-0.26	0.38	0.31	0.22	0.29
0.11	0.12	-0.28	-0.26	0.38	0.31	0.22	0.29
0.11	0.12	-0.28	-0.26	0.37	0.31	0.23	0.29
0.11	0.12	-0.28	-0.26	0.38	0.30	0.22	0.30
0.11	0.12	-0.28	-0.26	0.38	0.30	0.22	0.30
0.11	0.12	-0.28	-0.26	0.38	0.30	0.22	0.30
0.11	0.12	-0.28	-0.26	0.37	0.29	0.23	0.31
0.11	0.12	-0.28	-0.27	0.38	0.30	0.22	0.30
0.10	0.12	-0.28	-0.27	0.38	0.29	0.22	0.31
0.10	0.12	-0.28	-0.27	0.38	0.28	0.22	0.32
0.10	0.12	-0.27	-0.27	0.38	0.29	0.22	0.31
0.10	0.12	-0.28	-0.27	0.38	0.28	0.22	0.32
0.10	0.12	-0.27	-0.27	0.38	0.28	0.22	0.32
0.10	0.12	-0.27	-0.27	0.38	0.28	0.22	0.32
0.10	0.12	-0.27	-0.27	0.39	0.28	0.21	0.32
0.10	0.11	-0.28	-0.27	0.40	0.28	0.20	0.32
0.10	0.11	-0.27	-0.27	0.40	0.27	0.20	0.33
0.10	0.11	-0.27	-0.27	0.40	0.27	0.20	0.33
0.10	0.11	-0.27	-0.27	0.40	0.27	0.20	0.33
0.10	0.11	-0.27	-0.27	0.40	0.26	0.20	0.34
0.10	0.11	-0.27	-0.27	0.40	0.27	0.20	0.33
0.10	0.11	-0.27	-0.27	0.40	0.26	0.20	0.34
0.10	0.11	-0.27	-0.27	0.40	0.26	0.20	0.34
0.09	0.11	-0.27	-0.27	0.41	0.26	0.19	0.34
0.09	0.11	-0.27	-0.27	0.41	0.26	0.19	0.34
0.09	0.11	-0.27	-0.27	0.41	0.25	0.19	0.35
0.09	0.11	-0.27	-0.27	0.41	0.26	0.19	0.34
0.09	0.11	-0.27	-0.27	0.42	0.25	0.18	0.35
0.09	0.11	-0.27	-0.27	0.42	0.26	0.18	0.34
0.09	0.11	-0.27	-0.27	0.42	0.25	0.18	0.35
0.09	0.11	-0.27	-0.27	0.42	0.25	0.18	0.35
0.09	0.11	-0.27	-0.27	0.43	0.25	0.17	0.35
0.09	0.10	-0.27	-0.27	0.42	0.25	0.18	0.35
0.09	0.10	-0.27	-0.27	0.43	0.25	0.17	0.35
0.09	0.10	-0.28	-0.27	0.44	0.25	0.16	0.35
0.09	0.10	-0.27	-0.27	0.43	0.25	0.17	0.35
0.09	0.10	-0.28	-0.27	0.44	0.26	0.16	0.34
0.09	0.10	-0.28	-0.27	0.44	0.26	0.16	0.34
0.09	0.10	-0.28	-0.27	0.44	0.25	0.16	0.35
0.09	0.10	-0.28	-0.27	0.44	0.26	0.16	0.34
0.08	0.10	-0.28	-0.27	0.44	0.26	0.16	0.34
0.08	0.10	-0.28	-0.27	0.44	0.27	0.16	0.33
0.08	0.10	-0.28	-0.28	0.45	0.26	0.15	0.34
0.08	0.10	-0.28	-0.28	0.45	0.26	0.15	0.34
0.08	0.10	-0.29	-0.28	0.46	0.27	0.14	0.33
0.08	0.09	-0.29	-0.28	0.46	0.27	0.14	0.33
0.08	0.09	-0.29	-0.28	0.46	0.27	0.14	0.33
0.08	0.09	-0.29	-0.28	0.46	0.28	0.14	0.32
0.08	0.09	-0.29	-0.28	0.47	0.28	0.13	0.32
0.08	0.09	-0.29	-0.28	0.46	0.28	0.14	0.32
0.08	0.09	-0.29	-0.28	0.47	0.28	0.13	0.32
0.08	0.09	-0.30	-0.28	0.47	0.28	0.13	0.32
0.08	0.09	-0.30	-0.28	0.47	0.29	0.13	0.31
0.08	0.09	-0.30	-0.29	0.48	0.28	0.12	0.32
0.08	0.09	-0.30	-0.29	0.48	0.29	0.12	0.31
0.08	0.09	-0.30	-0.29	0.48	0.29	0.12	0.31
0.08	0.08	-0.30	-0.29	0.49	0.28	0.11	0.32
0.08	0.08	-0.30	-0.29	0.49	0.29	0.11	0.31
0.07	0.08	-0.30	-0.29	0.49	0.29	0.11	0.31
0.07	0.08	-0.30	-0.29	0.49	0.29	0.11	0.31
0.07	0.08	-0.31	-0.29	0.49	0.28	0.11	0.32
0.07	0.08	-0.31	-0.29	0.50	0.29	0.10	0.31
0.07	0.08	-0.31	-0.29	0.50	0.29	0.10	0.31
0.07	0.08	-0.31	-0.30	0.50	0.29	0.10	0.31
0.07	0.08	-0.31	-0.30	0.50	0.29	0.10	0.31
0.07	0.08	-0.31	-0.30	0.50	0.29	0.10	0.31
0.07	0.07	-0.32	-0.30	0.51	0.30	0.09	0.30
0.07	0.07	-0.32	-0.30	0.51	0.31	0.09	0.29
0.07	0.07	-0.32	-0.30	0.52	0.30	0.08	0.30
0.07	0.07	-0.32	-0.30	0.52	0.31	0.08	0.29
0.07	0.07	-0.32	-0.31	0.52	0.32	0.08	0.28
0.07	0.07	-0.33	-0.31	0.53	0.33	0.07	0.27
0.07	0.07	-0.33	-0.31	0.53	0.33	0.07	0.27
0.07	0.07	-0.33	-0.31	0.53	0.33	0.07	0.27
0.07	0.07	-0.34	-0.31	0.54	0.34	0.06	0.26
0.06	0.07	-0.34	-0.31	0.54	0.34	0.06	0.26
0.06	0.06	-0.34	-0.32	0.53	0.34	0.07	0.26
0.06	0.06	-0.34	-0.32	0.54	0.35	0.06	0.25
0.06	0.06	-0.34	-0.32	0.54	0.35	0.06	0.25
0.06	0.06	-0.35	-0.32	0.54	0.35	0.06	0.25
0.06	0.06	-0.35	-0.32	0.55	0.36	0.05	0.24
0.06	0.06	-0.35	-0.33	0.55	0.37	0.05	0.23
0.06	0.06	-0.35	-0.33	0.55	0.37	0.05	0.23
0.06	0.06	-0.35	-0.33	0.56	0.37	0.04	0.23
0.06	0.06	-0.36	-0.33	0.56	0.38	0.04	0.22
0.06	0.06	-0.36	-0.33	0.56	0.38	0.04	0.22
0.06	0.06	-0.36	-0.34	0.56	0.37	0.04	0.23
0.06	0.05	-0.36	-0.34	0.57	0.38	0.03	0.22
0.05	0.05	-0.36	-0.34	0.57	0.38	0.03	0.22
0.05	0.05	-0.36	-0.34	0.57	0.37	0.03	0.23
0.05	0.05	-0.36	-0.34	0.58	0.37	0.02	0.23
0.05	0.05	-0.35	-0.34	0.57	0.37	0.03	0.23
0.05	0.05	-0.36	-0.34	0.57	0.37	0.03	0.23
0.05	0.05	-0.36	-0.34	0.58	0.36	0.02	0.24
0.05	0.05	-0.36	-0.35	0.58	0.37	0.02	0.23
0.05	0.05	-0.36	-0.35	0.59	0.37	0.01	0.23
0.05	0.05	-0.36	-0.35	0.59	0.37	0.01	0.23
0.05	0.05	-0.36	-0.35	0.59	0.37	0.01	0.23
0.05	0.05	-0.36	-0.35	0.59	0.37	0.01	0.23
0.04	0.05	-0.36	-0.35	0.60	0.37	0.00	0.23
0.04	0.05	-0.35	-0.35	0.60	0.36	0.00	0.24
0.04	0.04	-0.35	-0.35	0.60	0.36	0.00	0.24
0.04	0.04	-0.35	-0.35	0.60	0.36	0.00	0.24
0.04	0.04	-0.35	-0.35	0.60	0.36	0.00	0.24
0.04	0.04	-0.35	-0.35	0.61	0.36	0.00	0.24
0.04	0.04	-0.35	-0.35	0.61	0.36	0.00	0.24
0.04	0.04	-0.35	-0.35	0.62	0.36	0.00	0.24
0.04	0.04	-0.35	-0.35	0.61	0.35	0.00	0.25
0.03	0.04	-0.35	-0.35	0.62	0.35	0.00	0.25
0.03	0.04	-0.35	-0.35	0.62	0.35	0.00	0.25
0.03	0.04	-0.34	-0.35	0.62	0.34	0.00	0.26
0.03	0.04	-0.34	-0.35	0.62	0.34	0.00	0.26
0.03	0.04	-0.34	-0.35	0.63	0.34	0.00	0.26
0.03	0.04	-0.34	-0.35	0.62	0.33	0.00	0.27
0.03	0.04	-0.34	-0.35	0.63	0.33	0.00	0.27
0.03	0.04	-0.33	-0.34	0.63	0.33	0.00	0.27
0.03	0.03	-0.33	-0.34	0.63	0.32	0.00	0.28
0.02	0.03	-0.33	-0.34	0.64	0.31	0.00	0.29
0.02	0.03	-0.32	-0.34	0.63	0.31	0.00	0.29
0.02	0.03	-0.32	-0.34	0.64	0.31	0.00	0.29
0.02	0.03	-0.32	-0.34	0.64	0.31	0.00	0.29
0.02	0.03	-0.32	-0.34	0.65	0.30	0.00	0.30
0.02	0.03	-0.32	-0.33	0.65	0.30	0.00	0.30
0.02	0.03	-0.31	-0.33	0.65	0.30	0.00	0.30
0.02	0.03	-0.31	-0.33	0.65	0.29	0.00	0.31
0.02	0.03	-0.31	-0.33	0.65	0.29	0.00	0.31
0.01	0.03	-0.30	-0.33	0.65	0.29	0.00	0.31
0.01	0.03	-0.31	-0.33	0.66	0.29	0.00	0.31
0.01	0.03	-0.30	-0.32	0.66	0.28	0.00	0.32
0.01	0.03	-0.30	-0.32	0.66	0.29	0.00	0.31
0.01	0.03	-0.30	-0.32	0.67	0.28	0.00	0.32
0.01	0.02	-0.30	-0.32	0.67	0.28	0.00	0.32
0.01	0.02	-0.29	-0.32	0.67	0.28	0.00	0.32
0.01	0.02	-0.29	-0.32	0.67	0.28	0.00	0.32
0.01	0.02	-0.29	-0.31	0.67	0.27	0.00	0.33
0.01	0.02	-0.29	-0.31	0.68	0.27	0.00	0.33
0.00	0.02	-0.29	-0.31	0.68	0.27	0.00	0.33
0.00	0.02	-0.28	-0.31	0.68	0.26	0.00	0.34
0.00	0.02	-0.28	-0.31	0.69	0.26	0.00	0.34
0.00	0.02	-0.28	-0.30	0.68	0.27	0.00	0.33
0.00	0.02	-0.28	-0.30	0.69	0.27	0.00	0.33
-0.00	0.02	-0.28	-0.30	0.68	0.25	0.00	0.35
-0.00	0.02	-0.28	-0.30	0.69	0.26	0.00	0.34
-0.00	0.01	-0.28	-0.30	0.70	0.25	0.00	0.35
-0.00	0.01	-0.27	-0.30	0.69	0.25	0.00	0.35
-0.00	0.01	-0.27	-0.29	0.69	0.25	0.00	0.35
-0.01	0.01	-0.27	-0.29	0.70	0.24	0.00	0.36
-0.01	0.01	-0.27	-0.29	0.70	0.25	0.00	0.35
-0.01	0.01	-0.26	-0.29	0.70	0.24	0.00	0.36
-0.01	0.01	-0.27	-0.29	0.70	0.25	0.00	0.35
-0.01	0.01	-0.26	-0.28	0.70	0.24	0.00	0.36
-0.01	0.01	-0.26	-0.28	0.70	0.25	0.00	0.35
-0.01	0.01	-0.27	-0.28	0.70	0.26	0.00	0.34
-0.01	0.01	-0.26	-0.28	0.70	0.26	0.00	0.34
-0.01	0.00	-0.27	-0.28	0.70	0.26	0.00	0.34
-0.01	0.00	-0.26	-0.28	0.70	0.26	0.00	0.34
-0.01	0.00	-0.27	-0.28	0.70	0.26	0.00	0.34
-0.01	0.00	-0.27	-0.28	0.70	0.27	0.00	0.33
-0.02	0.00	-0.27	-0.28	0.70	0.27	0.00	0.33
-0.02	-0.00	-0.27	-0.28	0.70	0.27	0.00	0.33
-0.02	-0.00	-0.27	-0.27	0.70	0.28	0.00	0.32
-0.02	-0.00	-0.27	-0.27	0.70	0.28	0.00	0.32
-0.02	-0.00	-0.27	-0.27	0.70	0.29	0.00	0.31
-0.02	-0.01	-0.27	-0.27	0.70	0.29	0.00	0.31
-0.02	-0.01	-0.27	-0.27	0.70	0.30	0.00	0.30
-0.02	-0.01	-0.27	-0.27	0.70	0.30	0.00	0.30
-0.02	-0.01	-0.27	-0.27	0.70	0.30	0.00	0.30
-0.02	-0.01	-0.27	-0.27	0.70	0.30	0.00	0.30
-0.02	-0.01	-0.27	-0.27	0.70	0.30	0.00	0.30
-0.02	-0.01	-0.27	-0.27	0.70	0.31	0.00	0.29
-0.02	-0.01	-0.27	-0.27	0.70	0.31	0.00	0.29
-0.03	-0.01	-0.27	-0.27	0.70	0.30	0.00	0.30
-0.03	-0.01	-0.27	-0.27	0.70	0.31	0.00	0.29
-0.03	-0.02	-0.27	-0.27	0.70	0.30	0.00	0.30
-0.03	-0.02	-0.27	-0.27	0.70	0.31	0.00	0.29
-0.03	-0.02	-0.27	-0.27	0.70	0.31	0.00	0.29
-0.03	-0.02	-0.27	-0.27	0.70	0.30	0.00	0.30
-0.03	-0.02	-0.27	-0.27	0.70	0.30	0.00	0.30
-0.03	-0.02	-0.27	-0.27	0.70	0.31	0.00	0.29
-0.03	-0.02	-0.27	-0.27	0.70	0.31	0.00	0.29
-0.03	-0.02	-0.27	-0.27	0.70	0.31	0.00	0.29
-0.03	-0.02	-0.27	-0.27	0.70	0.31	0.00	0.29
-0.03	-0.02	-0.27	-0.27	0.70	0.31	0.00	0.29
-0.03	-0.03	-0.27	-0.27	0.70	0.32	0.00	0.28
-0.04	-0.03	-0.27	-0.27	0.70	0.32	0.00	0.28
-0.04	-0.03	-0.27	-0.27	0.70	0.33	0.00	0.27
-0.04	-0.03	-0.27	-0.27	0.70	0.32	0.00	0.28
-0.04	-0.03	-0.27	-0.27	0.70	0.33	0.00	0.27
-0.04	-0.03	-0.27	-0.27	0.70	0.33	0.00	0.27
-0.04	-0.03	-0.27	-0.27	0.70	0.33	0.00	0.27
-0.04	-0.03	-0.27	-0.27	0.70	0.33	0.00	0.27
-0.04	-0.03	-0.28	-0.27	0.70	0.34	0.00	0.26
-0.04	-0.03	-0.27	-0.27	0.70	0.34	0.00	0.26
-0.04	-0.04	-0.27	-0.27	0.70	0.33	0.00	0.27
-0.04	-0.04	-0.27	-0.27	0.70	0.34	0.00	0.26
-0.04	-0.04	-0.27	-0.27	0.70	0.34	0.00	0.26
-0.04	-0.04	-0.27	-0.27	0.70	0.34	0.00	0.26
-0.05	-0.04	-0.27	-0.27	0.70	0.33	0.00	0.27
-0.05	-0.04	-0.27	-0.27	0.70	0.34	0.00	0.26
-0.05	-0.04	-0.27	-0.27	0.70	0.34	0.00	0.26
-0.05	-0.04	-0.27	-0.27	0.70	0.34	0.00	0.26
-0.05	-0.04	-0.27	-0.27	0.70	0.34	0.00	0.26
-0.05	-0.04	-0.27	-0.27	0.70	0.34	0.00	0.26
-0.05	-0.04	-0.27	-0.27	0.70	0.33	0.00	0.27
-0.05	-0.05	-0.27	-0.27	0.70	0.33	0.00	0.27
-0.05	-0.05	-0.27	-0.27	0.70	0.33	0.00	0.27
-0.05	-0.05	-0.26	-0.27	0.70	0.33	0.00	0.27
-0.05	-0.05	-0.26	-0.27	0.70	0.33	0.00	0.27
-0.05	-0.05	-0.25	-0.27	0.70	0.32	0.00	0.28
-0.06	-0.05	-0.21	-0.26	0.69	0.37	0.00	0.23
-0.06	-0.05	-0.19	-0.26	0.62	0.35	0.00	0.25
-0.06	-0.05	-0.17	-0.25	0.57	0.31	0.03	0.29
-0.06	-0.05	-0.15	-0.24	0.55	0.32	0.05	0.28
-0.06	-0.06	-0.14	-0.24	0.50	0.32	0.10	0.28
-0.06	-0.06	-0.12	-0.23	0.42	0.32	0.18	0.28
-0.06	-0.06	-0.09	-0.22	0.36	0.34	0.24	0.26
-0.06	-0.06	-0.06	-0.20	0.30	0.34	0.30	0.26
-0.06	-0.06	-0.04	-0.19	0.27	0.34	0.33	0.26
-0.07	-0.06	-0.01	-0.18	0.25	0.34	0.35	0.26
-0.07	-0.06	0.02	-0.16	0.19	0.31	0.41	0.29
-0.07	-0.06	0.04	-0.15	0.12	0.31	0.48	0.29
-0.07	-0.06	0.07	-0.13	0.05	0.31	0.55	0.29
-0.07	-0.06	0.10	-0.11	0.00	0.31	0.63	0.29
-0.07	-0.06	0.13	-0.09	0.00	0.31	0.68	0.29
-0.07	-0.06	0.16	-0.08	0.00	0.32	0.70	0.28
-0.07	-0.06	0.20	-0.05	0.00	0.31	0.70	0.29
-0.07	-0.06	0.22	-0.03	0.00	0.30	0.70	0.30
-0.07	-0.06	0.25	-0.01	0.00	0.28	0.70	0.32
-0.07	-0.06	0.28	0.01	0.00	0.27	0.70	0.33
-0.07	-0.06	0.31	0.03	0.00	0.26	0.70	0.34
-0.07	-0.06	0.33	0.05	0.00	0.27	0.70	0.33
-0.07	-0.06	0.35	0.08	0.00	0.28	0.70	0.32
-0.07	-0.06	0.38	0.10	0.00	0.27	0.70	0.33
-0.07	-0.06	0.40	0.12	0.00	0.27	0.70	0.33
-0.07	-0.06	0.43	0.15	0.00	0.26	0.70	0.34
-0.07	-0.06	0.45	0.17	0.00	0.25	0.70	0.35
-0.07	-0.06	0.47	0.19	0.00	0.23	0.70	0.37
-0.07	-0.06	0.49	0.21	0.00	0.24	0.70	0.36
-0.07	-0.06	0.51	0.24	0.00	0.23	0.70	0.37
-0.07	-0.06	0.52	0.26	0.00	0.24	0.70	0.36
-0.07	-0.06	0.53	0.28	0.00	0.26	0.70	0.34
-0.07	-0.06	0.55	0.30	0.00	0.25	0.70	0.35
-0.07	-0.06	0.57	0.32	0.00	0.25	0.70	0.35
-0.07	-0.06	0.58	0.34	0.00	0.26	0.70	0.34
-0.07	-0.06	0.59	0.36	0.00	0.26	0.70	0.34
-0.06	-0.06	0.61	0.38	0.00	0.27	0.70	0.33
-0.06	-0.05	0.62	0.40	0.00	0.27	0.70	0.33
-0.06	-0.05	0.64	0.41	0.00	0.27	0.70	0.33
-0.06	-0.05	0.65	0.43	0.00	0.29	0.70	0.31
-0.06	-0.05	0.66	0.45	0.00	0.29	0.70	0.31
-0.06	-0.05	0.67	0.47	0.00	0.30	0.70	0.30
-0.06	-0.05	0.68	0.48	0.00	0.31	0.70	0.29
-0.06	-0.05	0.69	0.50	0.00	0.30	0.70	0.30
-0.06	-0.05	0.70	0.51	0.00	0.31	0.70	0.29
-0.05	-0.05	0.71	0.53	0.00	0.31	0.70	0.29
-0.05	-0.05	0.72	0.54	0.00	0.32	0.70	0.28
-0.05	-0.04	0.73	0.56	0.00	0.33	0.70	0.27
-0.05	-0.04	0.74	0.57	0.00	0.34	0.70	0.26
-0.05	-0.04	0.74	0.58	0.00	0.34	0.70	0.26
-0.05	-0.04	0.75	0.60	0.00	0.35	0.70	0.25
-0.05	-0.04	0.75	0.61	0.00	0.35	0.70	0.25
-0.04	-0.04	0.76	0.62	0.00	0.35	0.70	0.25
-0.04	-0.04	0.76	0.63	0.00	0.36	0.70	0.24
-0.04	-0.04	0.77	0.64	0.00	0.35	0.70	0.25
-0.04	-0.03	0.77	0.65	0.00	0.35	0.70	0.25
-0.04	-0.03	0.77	0.66	0.00	0.36	0.70	0.24
-0.04	-0.03	0.77	0.67	0.00	0.36	0.70	0.24
-0.03	-0.03	0.77	0.68	0.00	0.36	0.70	0.24
-0.03	-0.03	0.78	0.68	0.00	0.35	0.70	0.25
-0.03	-0.03	0.77	0.69	0.00	0.36	0.70	0.24
-0.03	-0.02	0.77	0.70	0.00	0.36	0.70	0.24
-0.03	-0.02	0.77	0.70	0.00	0.35	0.70	0.25
-0.03	-0.02	0.77	0.71	0.00	0.36	0.70	0.24
-0.02	-0.02	0.77	0.71	0.00	0.36	0.70	0.24
-0.02	-0.02	0.77	0.72	0.00	0.35	0.70	0.25
-0.02	-0.02	0.77	0.72	0.00	0.36	0.70	0.24
-0.02	-0.01	0.77	0.72	0.00	0.36	0.70	0.24
-0.02	-0.01	0.76	0.73	0.00	0.36	0.70	0.24
-0.02	-0.01	0.76	0.73	0.00	0.36	0.70	0.24
-0.01	-0.01	0.76	0.73	0.00	0.36	0.70	0.24
-0.01	-0.01	0.76	0.73	0.00	0.36	0.70	0.24
-0.01	-0.01	0.76	0.74	0.00	0.36	0.70	0.24
-0.01	-0.00	0.76	0.74	0.00	0.36	0.70	0.24
-0.01	-0.00	0.76	0.74	0.00	0.37	0.70	0.23
-0.01	-0.00	0.76	0.74	0.00	0.35	0.70	0.25
-0.01	0.00	0.76	0.74	0.00	0.36	0.70	0.24
-0.00	0.00	0.76	0.74	0.00	0.35	0.70	0.25
-0.00	0.01	0.76	0.75	0.00	0.35	0.70	0.25
-0.00	0.01	0.76	0.75	0.00	0.35	0.70	0.25
0.00	0.01	0.76	0.75	0.00	0.34	0.70	0.26
0.00	0.01	0.76	0.75	0.00	0.35	0.70	0.25
0.00	0.01	0.76	0.75	0.00	0.35	0.70	0.25
0.01	0.01	0.76	0.75	0.00	0.34	0.70	0.26
0.01	0.02	0.76	0.75	0.00	0.34	0.70	0.26
0.01	0.02	0.76	0.75	0.00	0.34	0.70	0.26
0.01	0.02	0.77	0.75	0.00	0.34	0.70	0.26
0.01	0.02	0.76	0.76	0.00	0.34	0.70	0.26
0.01	0.02	0.76	0.76	0.00	0.34	0.70	0.26
0.02	0.03	0.77	0.76	0.00	0.34	0.70	0.26
0.02	0.03	0.77	0.76	0.00	0.33	0.70	0.27
0.02	0.03	0.77	0.76	0.00	0.33	0.70	0.27
0.02	0.03	0.77	0.76	0.00	0.33	0.70	0.27
0.02	0.03	0.77	0.76	0.00	0.33	0.70	0.27
0.02	0.04	0.77	0.76	0.00	0.32	0.70	0.28
0.02	0.04	0.77	0.76	0.00	0.32	0.70	0.28
0.03	0.04	0.77	0.76	0.00	0.32	0.70	0.28
0.03	0.04	0.77	0.76	0.00	0.31	0.70	0.29
0.03	0.04	0.77	0.76	0.00	0.31	0.70	0.29
0.03	0.05	0.77	0.76	0.00	0.31	0.70	0.29
0.03	0.05	0.77	0.76	0.00	0.30	0.70	0.30
0.03	0.05	0.77	0.76	0.00	0.29	0.70	0.31
0.04	0.05	0.77	0.77	0.00	0.29	0.70	0.31
0.04	0.05	0.77	0.77	0.00	0.29	0.70	0.31
0.04	0.05	0.78	0.77	0.00	0.28	0.70	0.32
0.04	0.06	0.78	0.77	0.00	0.27	0.70	0.33
0.04	0.06	0.77	0.77	0.00	0.27	0.70	0.33
0.04	0.06	0.78	0.77	0.00	0.26	0.70	0.34
0.05	0.06	0.77	0.77	0.00	0.26	0.70	0.34
0.05	0.06	0.78	0.77	0.00	0.26	0.70	0.34
0.05	0.07	0.77	0.77	0.00	0.25	0.70	0.35
0.05	0.07	0.77	0.77	0.00	0.25	0.70	0.35
0.05	0.07	0.78	0.77	0.00	0.24	0.70	0.36
0.05	0.07	0.77	0.77	0.00	0.24	0.70	0.36
0.06	0.07	0.77	0.77	0.00	0.23	0.70	0.37
0.06	0.07	0.77	0.77	0.00	0.23	0.70	0.37
0.06	0.08	0.77	0.77	0.00	0.23	0.70	0.37
0.06	0.08	0.76	0.77	0.00	0.22	0.70	0.38
0.06	0.08	0.75	0.77	0.00	0.22	0.70	0.38
0.07	0.08	0.74	0.77	0.00	0.22	0.70	0.38
0.07	0.08	0.73	0.76	0.00	0.22	0.70	0.38
0.07	0.09	0.71	0.76	0.00	0.22	0.70	0.38
0.07	0.09	0.69	0.75	0.00	0.23	0.70	0.37
0.07	0.09	0.67	0.75	0.00	0.23	0.70	0.37
0.07	0.09	0.64	0.74	0.00	0.23	0.70	0.37
0.08	0.09	0.61	0.73	0.00	0.24	0.70	0.36
0.08	0.09	0.57	0.72	0.00	0.24	0.70	0.36
0.08	0.09	0.53	0.70	0.00	0.25	0.70	0.35
0.08	0.10	0.48	0.69	0.00	0.26	0.70	0.34
0.08	0.10	0.43	0.67	0.00	0.26	0.62	0.34
0.09	0.10	0.38	0.65	0.09	0.26	0.51	0.34
0.09	0.10	0.33	0.62	0.23	0.26	0.37	0.34
0.09	0.10	0.27	0.60	0.35	0.27	0.25	0.33
0.09	0.10	0.22	0.57	0.50	0.26	0.10	0.34
0.09	0.10	0.15	0.54	0.65	0.27	0.00	0.33
0.09	0.10	0.09	0.50	0.70	0.27	0.00	0.33
0.09	0.11	0.05	0.47	0.70	0.27	0.00	0.33
0.09	0.11	0.00	0.43	0.70	0.26	0.00	0.34
0.09	0.11	-0.05	0.40	0.70	0.27	0.00	0.33
0.10	0.11	-0.10	0.36	0.70	0.27	0.00	0.33
0.10	0.11	-0.15	0.32	0.70	0.27	0.00	0.33
0.10	0.11	-0.19	0.28	0.70	0.27	0.00	0.33
0.10	0.11	-0.23	0.24	0.70	0.26	0.00	0.34
0.10	0.11	-0.26	0.21	0.70	0.26	0.00	0.34
0.10	0.11	-0.29	0.17	0.70	0.28	0.00	0.32
0.10	0.11	-0.32	0.13	0.70	0.28	0.00	0.32
0.10	0.11	-0.34	0.10	0.70	0.29	0.00	0.31
0.10	0.11	-0.36	0.06	0.70	0.28	0.00	0.32
0.10	0.10	-0.38	0.03	0.70	0.29	0.00	0.31
0.10	0.10	-0.40	-0.00	0.70	0.30	0.00	0.30
0.10	0.10	-0.42	-0.04	0.70	0.30	0.00	0.30
0.10	0.10	-0.42	-0.06	0.70	0.31	0.00	0.29
0.10	0.10	-0.43	-0.09	0.70	0.31	0.00	0.29
0.10	0.10	-0.44	-0.12	0.70	0.30	0.00	0.30
0.10	0.10	-0.45	-0.14	0.70	0.31	0.00	0.29
0.10	0.10	-0.46	-0.17	0.70	0.32	0.00	0.28
0.10	0.10	-0.46	-0.19	0.70	0.32	0.00	0.28
0.10	0.10	-0.47	-0.21	0.70	0.32	0.00	0.28
0.10	0.10	-0.47	-0.23	0.70	0.34	0.00	0.26
0.10	0.10	-0.48	-0.25	0.70	0.34	0.00	0.26
0.10	0.10	-0.48	-0.27	0.70	0.35	0.00	0.25
0.09	0.10	-0.49	-0.28	0.70	0.36	0.00	0.24
0.09	0.09	-0.49	-0.30	0.70	0.36	0.00	0.24
0.09	0.09	-0.50	-0.31	0.70	0.37	0.00	0.23
0.09	0.09	-0.50	-0.33	0.70	0.38	0.00	0.22
0.09	0.09	-0.51	-0.34	0.70	0.39	0.00	0.21
0.09	0.09	-0.52	-0.35	0.70	0.40	0.00	0.20
0.09	0.09	-0.52	-0.37	0.70	0.41	0.00	0.19
0.09	0.09	-0.52	-0.38	0.70	0.42	0.00	0.18
0.09	0.09	-0.53	-0.39	0.70	0.43	0.00	0.17
0.09	0.09	-0.53	-0.40	0.70	0.43	0.00	0.17
0.09	0.09	-0.53	-0.41	0.70	0.43	0.00	0.17
0.09	0.09	-0.53	-0.42	0.70	0.43	0.00	0.17
0.09	0.09	-0.53	-0.43	0.70	0.43	0.00	0.17
0.09	0.09	-0.53	-0.44	0.70	0.43	0.00	0.17
0.09	0.09	-0.54	-0.44	0.70	0.43	0.00	0.17
0.09	0.09	-0.53	-0.45	0.70	0.44	0.00	0.16
0.09	0.09	-0.54	-0.46	0.70	0.43	0.00	0.17
0.08	0.09	-0.54	-0.46	0.70	0.43	0.00	0.17
0.08	0.08	-0.54	-0.47	0.70	0.43	0.00	0.17
0.08	0.08	-0.54	-0.47	0.70	0.43	0.00	0.17
0.08	0.08	-0.54	-0.48	0.70	0.44	0.00	0.16
0.08	0.08	-0.54	-0.48	0.70	0.43	0.00	0.17
0.08	0.08	-0.54	-0.49	0.70	0.43	0.00	0.17
0.08	0.08	-0.54	-0.49	0.70	0.42	0.00	0.18
0.08	0.08	-0.54	-0.49	0.70	0.42	0.00	0.18
0.08	0.08	-0.54	-0.50	0.70	0.42	0.00	0.18
0.08	0.08	-0.53	-0.50	0.69	0.41	0.00	0.19
0.07	0.08	-0.53	-0.50	0.70	0.40	0.00	0.20
0.07	0.08	-0.53	-0.51	0.70	0.40	0.00	0.20
0.07	0.08	-0.53	-0.51	0.70	0.39	0.00	0.21
0.07	0.08	-0.53	-0.51	0.70	0.38	0.00	0.22
0.07	0.08	-0.52	-0.51	0.70	0.37	0.00	0.23
0.07	0.08	-0.52	-0.51	0.70	0.36	0.00	0.24
0.07	0.08	-0.52	-0.51	0.70	0.36	0.00	0.24
0.07	0.08	-0.52	-0.51	0.70	0.35	0.00	0.25
0.07	0.08	-0.51	-0.51	0.70	0.34	0.00	0.26
0.06	0.08	-0.51	-0.51	0.70	0.33	0.00	0.27
0.06	0.08	-0.50	-0.51	0.70	0.32	0.00	0.28
0.06	0.08	-0.50	-0.51	0.70	0.32	0.00	0.28
0.06	0.08	-0.50	-0.51	0.70	0.31	0.00	0.29
0.06	0.08	-0.50	-0.51	0.70	0.30	0.00	0.30
0.06	0.08	-0.49	-0.51	0.70	0.30	0.00	0.30
0.06	0.08	-0.49	-0.51	0.70	0.29	0.00	0.31
0.06	0.08	-0.49	-0.50	0.70	0.29	0.00	0.31
0.06	0.07	-0.49	-0.50	0.70	0.28	0.00	0.32
0.05	0.07	-0.48	-0.50	0.70	0.27	0.00	0.33
0.05	0.07	-0.48	-0.50	0.70	0.27	0.00	0.33
0.05	0.07	-0.48	-0.50	0.70	0.26	0.00	0.34
0.05	0.07	-0.48	-0.50	0.70	0.26	0.00	0.34
0.05	0.07	-0.48	-0.50	0.70	0.26	0.00	0.34
0.05	0.07	-0.48	-0.49	0.70	0.25	0.00	0.35
0.05	0.07	-0.47	-0.49	0.70	0.25	0.00	0.35
0.05	0.07	-0.47	-0.49	0.70	0.26	0.00	0.34
0.05	0.07	-0.47	-0.49	0.70	0.25	0.00	0.35
0.04	0.07	-0.47	-0.49	0.70	0.25	0.00	0.35
0.04	0.07	-0.47	-0.49	0.70	0.25	0.00	0.35
0.04	0.07	-0.47	-0.49	0.70	0.25	0.00	0.35
0.04	0.07	-0.47	-0.48	0.70	0.25	0.00	0.35
0.04	0.07	-0.47	-0.48	0.70	0.25	0.00	0.35
0.04	0.06	-0.47	-0.48	0.70	0.25	0.00	0.35
0.04	0.06	-0.47	-0.48	0.70	0.26	0.00	0.34
0.04	0.06	-0.47	-0.48	0.70	0.25	0.00	0.35
0.04	0.06	-0.47	-0.48	0.70	0.24	0.00	0.36
0.03	0.06	-0.47	-0.48	0.70	0.24	0.00	0.36
0.03	0.06	-0.47	-0.48	0.70	0.24	0.00	0.36
0.03	0.06	-0.46	-0.48	0.70	0.23	0.00	0.37
0.03	0.06	-0.46	-0.48	0.70	0.22	0.00	0.38
0.03	0.06	-0.46	-0.48	0.70	0.23	0.00	0.37
0.03	0.06	-0.46	-0.47	0.70	0.22	0.00	0.38
0.03	0.05	-0.46	-0.47	0.70	0.21	0.00	0.39
0.03	0.05	-0.46	-0.47	0.70	0.21	0.00	0.39
0.03	0.05	-0.46	-0.47	0.70	0.21	0.00	0.39
0.03	0.05	-0.46	-0.47	0.70	0.21	0.00	0.39
0.02	0.05	-0.45	-0.47	0.70	0.21	0.00	0.39
0.02	0.05	-0.45	-0.47	0.70	0.19	0.00	0.41
0.02	0.05	-0.45	-0.47	0.70	0.20	0.00	0.40
0.02	0.05	-0.45	-0.47	0.70	0.20	0.00	0.40
0.02	0.04	-0.45	-0.46	0.70	0.21	0.00	0.39
0.02	0.04	-0.45	-0.46	0.70	0.20	0.00	0.40
0.02	0.04	-0.45	-0.46	0.70	0.20	0.00	0.40
0.02	0.04	-0.45	-0.46	0.70	0.20	0.00	0.40
0.02	0.04	-0.45	-0.46	0.70	0.20	0.00	0.40
0.02	0.04	-0.45	-0.46	0.70	0.20	0.00	0.40
0.02	0.03	-0.45	-0.46	0.70	0.20	0.00	0.40
0.01	0.03	-0.45	-0.46	0.70	0.20	0.00	0.40
0.01	0.03	-0.46	-0.46	0.70	0.20	0.00	0.40
0.01	0.03	-0.45	-0.46	0.70	0.20	0.00	0.40
0.01	0.03	-0.46	-0.46	0.70	0.21	0.00	0.39
0.01	0.03	-0.46	-0.46	0.70	0.20	0.00	0.40
0.01	0.03	-0.45	-0.46	0.70	0.20	0.00	0.40
0.01	0.02	-0.46	-0.46	0.70	0.21	0.00	0.39
0.01	0.02	-0.46	-0.46	0.70	0.21	0.00	0.39
0.01	0.02	-0.46	-0.46	0.70	0.22	0.00	0.38
0.01	0.02	-0.46	-0.46	0.70	0.22	0.00	0.38
0.01	0.02	-0.47	-0.46	0.70	0.23	0.00	0.37
0.01	0.01	-0.47	-0.46	0.70	0.23	0.00	0.37
0.00	0.01	-0.47	-0.46	0.70	0.24	0.00	0.36
0.00	0.01	-0.47	-0.46	0.70	0.24	0.00	0.36
0.00	0.01	-0.47	-0.46	0.70	0.25	0.00	0.35
0.00	0.01	-0.48	-0.46	0.70	0.26	0.00	0.34
0.00	0.01	-0.48	-0.46	0.70	0.26	0.00	0.34
0.00	0.00	-0.48	-0.47	0.70	0.27	0.00	0.33
-0.00	0.00	-0.48	-0.47	0.70	0.27	0.00	0.33
-0.00	0.00	-0.48	-0.47	0.70	0.28	0.00	0.32
-0.00	-0.00	-0.49	-0.47	0.70	0.29	0.00	0.31
-0.00	-0.00	-0.49	-0.47	0.70	0.29	0.00	0.31
-0.00	-0.01	-0.49	-0.47	0.70	0.31	0.00	0.29
-0.01	-0.01	-0.50	-0.48	0.70	0.31	0.00	0.29
-0.01	-0.01	-0.50	-0.48	0.70	0.32	0.00	0.28
-0.01	-0.01	-0.50	-0.48	0.70	0.32	0.00	0.28
-0.01	-0.01	-0.51	-0.48	0.70	0.34	0.00	0.26
-0.01	-0.01	-0.51	-0.48	0.70	0.34	0.00	0.26
-0.01	-0.02	-0.51	-0.48	0.70	0.35	0.00	0.25
-0.01	-0.02	-0.51	-0.49	0.70	0.36	0.00	0.24
-0.01	-0.02	-0.52	-0.49	0.70	0.37	0.00	0.23
-0.01	-0.02	-0.52	-0.49	0.70	0.38	0.00	0.22
-0.01	-0.02	-0.52	-0.49	0.70	0.38	0.00	0.22
-0.02	-0.02	-0.52	-0.50	0.70	0.38	0.00	0.22
-0.02	-0.03	-0.53	-0.50	0.70	0.39	0.00	0.21
-0.02	-0.03	-0.53	-0.50	0.70	0.40	0.00	0.20
-0.02	-0.03	-0.53	-0.50	0.70	0.40	0.00	0.20
-0.02	-0.03	-0.53	-0.50	0.70	0.40	0.00	0.20
-0.02	-0.03	-0.53	-0.51	0.70	0.40	0.00	0.20
-0.02	-0.03	-0.53	-0.51	0.70	0.41	0.00	0.19
-0.02	-0.04	-0.53	-0.51	0.70	0.41	0.00	0.19
-0.03	-0.04	-0.54	-0.51	0.70	0.42	0.00	0.18
-0.03	-0.04	-0.53	-0.51	0.70	0.41	0.00	0.19
-0.03	-0.04	-0.54	-0.52	0.70	0.43	0.00	0.17
-0.03	-0.04	-0.54	-0.52	0.70	0.43	0.00	0.17
-0.03	-0.04	-0.54	-0.52	0.70	0.43	0.00	0.17
-0.03	-0.04	-0.54	-0.52	0.70	0.44	0.00	0.16
-0.03	-0.05	-0.54	-0.52	0.70	0.44	0.00	0.16
-0.04	-0.05	-0.55	-0.52	0.70	0.44	0.00	0.16
-0.04	-0.05	-0.54	-0.53	0.70	0.45	0.00	0.15
-0.04	-0.05	-0.53	-0.53	0.70	0.46	0.00	0.14
-0.04	-0.05	-0.51	-0.53	0.70	0.48	0.00	0.12
-0.04	-0.05	-0.49	-0.52	0.70	0.49	0.00	0.11
-0.05	-0.05	-0.46	-0.52	0.70	0.46	0.00	0.14
-0.05	-0.06	-0.45	-0.51	0.70	0.44	0.00	0.16
-0.05	-0.06	-0.43	-0.51	0.70	0.45	0.00	0.15
-0.05	-0.06	-0.41	-0.50	0.70	0.46	0.00	0.14
-0.05	-0.06	-0.38	-0.49	0.67	0.49	0.00	0.11
-0.06	-0.06	-0.35	-0.48	0.60	0.48	0.00	0.12
-0.06	-0.06	-0.32	-0.47	0.56	0.46	0.04	0.14
-0.06	-0.06	-0.29	-0.45	0.51	0.44	0.09	0.16
-0.06	-0.06	-0.25	-0.44	0.44	0.43	0.16	0.17
-0.06	-0.06	-0.23	-0.42	0.37	0.42	0.23	0.18
-0.07	-0.07	-0.19	-0.40	0.29	0.43	0.31	0.17
-0.07	-0.07	-0.16	-0.39	0.23	0.43	0.37	0.17
-0.07	-0.07	-0.12	-0.37	0.18	0.43	0.42	0.17
-0.07	-0.07	-0.09	-0.35	0.14	0.43	0.46	0.17
-0.07	-0.07	-0.05	-0.32	0.07	0.41	0.53	0.19
-0.08	-0.07	-0.01	-0.30	0.00	0.39	0.60	0.21
-0.08	-0.07	0.02	-0.28	0.00	0.36	0.65	0.24
-0.08	-0.07	0.06	-0.25	0.00	0.35	0.70	0.25
-0.08	-0.07	0.09	-0.22	0.00	0.35	0.70	0.25
-0.08	-0.07	0.13	-0.20	0.00	0.34	0.70	0.26
-0.08	-0.07	0.16	-0.17	0.00	0.34	0.70	0.26
-0.08	-0.07	0.19	-0.14	0.00	0.32	0.70	0.28
-0.08	-0.07	0.22	-0.12	0.00	0.31	0.70	0.29
-0.09	-0.07	0.25	-0.09	0.00	0.29	0.70	0.31
-0.09	-0.07	0.28	-0.06	0.00	0.28	0.70	0.32
-0.09	-0.07	0.31	-0.03	0.00	0.26	0.70	0.34
-0.09	-0.07	0.34	-0.00	0.00	0.25	0.70	0.35
-0.09	-0.07	0.37	0.02	0.00	0.24	0.70	0.36
-0.09	-0.07	0.39	0.05	0.00	0.24	0.70	0.36
-0.09	-0.06	0.41	0.08	0.00	0.23	0.70	0.37
-0.09	-0.06	0.43	0.11	0.00	0.22	0.70	0.38
-0.09	-0.06	0.46	0.13	0.00	0.20	0.70	0.40
-0.09	-0.06	0.48	0.16	0.00	0.19	0.70	0.41
-0.09	-0.06	0.50	0.18	0.00	0.19	0.70	0.41
-0.09	-0.06	0.52	0.21	0.00	0.19	0.70	0.41
-0.09	-0.06	0.54	0.23	0.00	0.17	0.70	0.43
-0.09	-0.06	0.56	0.26	0.00	0.18	0.70	0.42
-0.09	-0.06	0.57	0.28	0.00	0.17	0.70	0.43
-0.09	-0.06	0.59	0.31	0.00	0.17	0.70	0.43
-0.09	-0.06	0.60	0.33	0.00	0.17	0.70	0.43
-0.09	-0.06	0.62	0.35	0.00	0.17	0.70	0.43
-0.09	-0.06	0.63	0.37	0.00	0.17	0.70	0.43
-0.08	-0.06	0.64	0.39	0.00	0.17	0.70	0.43
-0.08	-0.06	0.66	0.41	0.00	0.18	0.70	0.42
-0.08	-0.06	0.67	0.43	0.00	0.18	0.70	0.42
-0.08	-0.05	0.68	0.45	0.00	0.18	0.70	0.42
-0.08	-0.05	0.69	0.47	0.00	0.18	0.70	0.42
-0.08	-0.05	0.70	0.49	0.00	0.19	0.70	0.41
-0.08	-0.05	0.71	0.50	0.00	0.19	0.70	0.41
-0.08	-0.05	0.72	0.52	0.00	0.20	0.70	0.40
-0.08	-0.05	0.73	0.53	0.00	0.20	0.70	0.40
-0.07	-0.05	0.74	0.55	0.00	0.20	0.70	0.40
-0.07	-0.05	0.74	0.56	0.00	0.21	0.70	0.39
-0.07	-0.05	0.75	0.58	0.00	0.21	0.70	0.39
-0.07	-0.05	0.76	0.59	0.00	0.22	0.70	0.38
-0.07	-0.05	0.76	0.60	0.00	0.23	0.70	0.37
-0.07	-0.05	0.76	0.62	0.00	0.23	0.70	0.37
-0.06	-0.04	0.77	0.63	0.00	0.24	0.70	0.36
-0.06	-0.04	0.77	0.64	0.00	0.25	0.70	0.35
-0.06	-0.04	0.78	0.65	0.00	0.24	0.70	0.36
-0.06	-0.04	0.78	0.66	0.00	0.26	0.70	0.34
-0.06	-0.04	0.79	0.67	0.00	0.26	0.70	0.34
-0.05	-0.04	0.79	0.68	0.00	0.27	0.70	0.33
-0.05	-0.04	0.79	0.69	0.00	0.27	0.70	0.33
-0.05	-0.04	0.79	0.69	0.00	0.28	0.70	0.32
-0.05	-0.04	0.79	0.70	0.00	0.28	0.70	0.32
-0.05	-0.04	0.79	0.71	0.00	0.29	0.70	0.31
-0.04	-0.03	0.79	0.72	0.00	0.29	0.70	0.31
-0.04	-0.03	0.79	0.72	0.00	0.29	0.70	0.31
-0.04	-0.03	0.79	0.73	0.00	0.30	0.70	0.30
-0.04	-0.03	0.79	0.73	0.00	0.30	0.70	0.30
-0.04	-0.03	0.79	0.74	0.00	0.31	0.70	0.29
-0.03	-0.03	0.79	0.74	0.00	0.31	0.70	0.29
-0.03	-0.03	0.78	0.74	0.00	0.32	0.70	0.28
-0.03	-0.02	0.78	0.75	0.00	0.33	0.70	0.27
-0.03	-0.02	0.78	0.75	0.00	0.34	0.70	0.26
-0.03	-0.02	0.78	0.75	0.00	0.33	0.70	0.27
-0.02	-0.02	0.77	0.75	0.00	0.34	0.70	0.26
-0.02	-0.02	0.77	0.75	0.00	0.34	0.70	0.26
-0.02	-0.02	0.77	0.75	0.00	0.34	0.70	0.26
-0.02	-0.02	0.76	0.75	0.00	0.36	0.70	0.24
-0.02	-0.01	0.76	0.76	0.00	0.35	0.70	0.25
-0.01	-0.01	0.76	0.76	0.00	0.36	0.70	0.24
-0.01	-0.01	0.76	0.76	0.00	0.35	0.70	0.25
-0.01	-0.01	0.76	0.76	0.00	0.35	0.70	0.25
-0.01	-0.01	0.76	0.76	0.00	0.36	0.70	0.24
-0.01	-0.01	0.75	0.76	0.00	0.36	0.70	0.24
-0.00	-0.00	0.75	0.76	0.00	0.35	0.70	0.25
-0.00	-0.00	0.75	0.76	0.00	0.36	0.70	0.24
0.00	-0.00	0.75	0.75	0.00	0.36	0.70	0.24
0.00	0.00	0.75	0.75	0.00	0.36	0.70	0.24
0.00	0.00	0.75	0.75	0.00	0.36	0.70	0.24
0.01	0.00	0.74	0.75	0.00	0.37	0.70	0.23
0.01	0.01	0.74	0.75	0.00	0.37	0.70	0.23
0.01	0.01	0.74	0.75	0.00	0.36	0.70	0.24
0.01	0.01	0.74	0.75	0.00	0.36	0.70	0.24
0.01	0.01	0.74	0.75	0.00	0.36	0.70	0.24
0.02	0.01	0.74	0.75	0.00	0.36	0.70	0.24
0.02	0.02	0.74	0.75	0.00	0.36	0.70	0.24
0.02	0.02	0.74	0.75	0.00	0.36	0.70	0.24
0.02	0.02	0.74	0.75	0.00	0.36	0.70	0.24
0.02	0.02	0.74	0.75	0.00	0.36	0.70	0.24
0.03	0.02	0.74	0.75	0.00	0.35	0.70	0.25
0.03	0.03	0.74	0.75	0.00	0.35	0.70	0.25
0.03	0.03	0.74	0.75	0.00	0.34	0.70	0.26
0.03	0.03	0.74	0.75	0.00	0.34	0.70	0.26
0.03	0.03	0.74	0.75	0.00	0.34	0.70	0.26
0.03	0.03	0.74	0.74	0.00	0.34	0.70	0.26
0.04	0.04	0.74	0.74	0.00	0.34	0.70	0.26
0.04	0.04	0.74	0.74	0.00	0.33	0.70	0.27
0.04	0.04	0.74	0.74	0.00	0.32	0.70	0.28
0.04	0.04	0.75	0.74	0.00	0.32	0.70	0.28
0.04	0.05	0.74	0.74	0.00	0.32	0.70	0.28
0.05	0.05	0.74	0.74	0.00	0.32	0.70	0.28
0.05	0.05	0.74	0.74	0.00	0.31	0.70	0.29
0.05	0.05	0.74	0.74	0.00	0.31	0.70	0.29
0.05	0.05	0.74	0.74	0.00	0.31	0.70	0.29
0.05	0.06	0.74	0.74	0.00	0.31	0.70	0.29
0.05	0.06	0.74	0.74	0.00	0.30	0.70	0.30
0.06	0.06	0.74	0.74	0.00	0.30	0.70	0.30
0.06	0.06	0.74	0.74	0.00	0.30	0.70	0.30
0.06	0.06	0.74	0.74	0.00	0.29	0.70	0.31
0.06	0.07	0.74	0.74	0.00	0.29	0.70	0.31
0.06	0.07	0.73	0.74	0.00	0.29	0.70	0.31
0.07	0.07	0.73	0.74	0.00	0.29	0.70	0.31
0.07	0.07	0.72	0.74	0.00	0.30	0.70	0.30
0.07	0.07	0.72	0.74	0.00	0.29	0.70	0.31
0.07	0.08	0.71	0.74	0.00	0.29	0.70	0.31
0.07	0.08	0.70	0.73	0.00	0.30	0.70	0.30
0.07	0.08	0.69	0.73	0.00	0.30	0.70	0.30
0.08	0.08	0.68	0.73	0.00	0.30	0.70	0.30
0.08	0.09	0.66	0.72	0.00	0.31	0.70	0.29
0.08	0.09	0.64	0.72	0.00	0.31	0.70	0.29
0.08	0.09	0.62	0.71	0.00	0.31	0.70	0.29
0.08	0.09	0.59	0.70	0.00	0.32	0.70	0.28
0.09	0.09	0.56	0.69	0.00	0.32	0.70	0.28
0.09	0.10	0.52	0.68	0.00	0.32	0.70	0.28
0.09	0.10	0.49	0.66	0.00	0.31	0.70	0.29
0.09	0.10	0.45	0.65	0.00	0.33	0.70	0.27
0.09	0.10	0.39	0.63	0.00	0.34	0.64	0.26
0.09	0.10	0.33	0.60	0.09	0.34	0.51	0.26
0.09	0.11	0.28	0.58	0.22	0.34	0.38	0.26
0.10	0.11	0.23	0.55	0.33	0.33	0.27	0.27
0.10	0.11	0.18	0.52	0.43	0.33	0.17	0.27
0.10	0.11	0.12	0.49	0.56	0.35	0.04	0.25
0.10	0.11	0.05	0.46	0.70	0.34	0.00	0.26
0.10	0.11	-0.00	0.43	0.70	0.34	0.00	0.26
0.10	0.11	-0.05	0.39	0.70	0.33	0.00	0.27
0.10	0.11	-0.10	0.35	0.70	0.33	0.00	0.27
0.10	0.12	-0.15	0.32	0.70	0.34	0.00	0.26
0.10	0.12	-0.19	0.28	0.70	0.35	0.00	0.25
0.10	0.12	-0.23	0.24	0.70	0.34	0.00	0.26
0.10	0.12	-0.26	0.20	0.70	0.33	0.00	0.27
0.10	0.12	-0.30	0.16	0.70	0.33	0.00	0.27
0.10	0.12	-0.34	0.13	0.70	0.34	0.00	0.26
0.10	0.12	-0.36	0.09	0.70	0.33	0.00	0.27
0.10	0.12	-0.38	0.05	0.70	0.33	0.00	0.27
0.10	0.12	-0.39	0.02	0.70	0.32	0.00	0.28
0.10	0.12	-0.41	-0.01	0.70	0.31	0.00	0.29
0.10	0.12	-0.42	-0.04	0.70	0.31	0.00	0.29
0.10	0.12	-0.43	-0.07	0.70	0.31	0.00	0.29
0.10	0.11	-0.45	-0.10	0.70	0.30	0.00	0.30
0.10	0.11	-0.45	-0.13	0.70	0.30	0.00	0.30
0.10	0.11	-0.46	-0.15	0.70	0.30	0.00	0.30
0.10	0.11	-0.46	-0.18	0.70	0.29	0.00	0.31
0.10	0.11	-0.47	-0.20	0.70	0.29	0.00	0.31
0.10	0.11	-0.47	-0.22	0.70	0.30	0.00	0.30
0.09	0.11	-0.47	-0.24	0.70	0.29	0.00	0.31
0.09	0.11	-0.47	-0.26	0.70	0.29	0.00	0.31
0.09	0.11	-0.47	-0.27	0.70	0.29	0.00	0.31
0.09	0.11	-0.48	-0.29	0.70	0.29	0.00	0.31
0.09	0.11	-0.48	-0.30	0.70	0.29	0.00	0.31
0.09	0.11	-0.48	-0.32	0.70	0.30	0.00	0.30
0.09	0.11	-0.48	-0.33	0.70	0.30	0.00	0.30
0.09	0.11	-0.48	-0.34	0.70	0.30	0.00	0.30
0.09	0.11	-0.48	-0.35	0.70	0.30	0.00	0.30
0.09	0.10	-0.49	-0.36	0.70	0.31	0.00	0.29
0.09	0.10	-0.49	-0.37	0.70	0.30	0.00	0.30
0.09	0.10	-0.49	-0.38	0.70	0.31	0.00	0.29
0.09	0.10	-0.49	-0.39	0.70	0.31	0.00	0.29
0.09	0.10	-0.49	-0.40	0.70	0.32	0.00	0.28
0.09	0.10	-0.49	-0.40	0.70	0.32	0.00	0.28
0.08	0.10	-0.49	-0.41	0.70	0.31	0.00	0.29
0.08	0.10	-0.49	-0.42	0.70	0.32	0.00	0.28
0.08	0.10	-0.49	-0.42	0.70	0.32	0.00	0.28
0.08	0.10	-0.49	-0.43	0.70	0.32	0.00	0.28
0.08	0.10	-0.50	-0.43	0.70	0.33	0.00	0.27
0.08	0.09	-0.50	-0.44	0.70	0.33	0.00	0.27
0.08	0.09	-0.50	-0.44	0.70	0.32	0.00	0.28
0.08	0.09	-0.50	-0.45	0.70	0.33	0.00	0.27
0.08	0.09	-0.50	-0.45	0.70	0.34	0.00	0.26
0.08	0.09	-0.50	-0.45	0.70	0.34	0.00	0.26
0.08	0.09	-0.50	-0.46	0.70	0.33	0.00	0.27
0.08	0.09	-0.50	-0.46	0.70	0.33	0.00	0.27
0.08	0.09	-0.50	-0.46	0.70	0.33	0.00	0.27
0.07	0.09	-0.50	-0.47	0.70	0.32	0.00	0.28
0.07	0.09	-0.50	-0.47	0.70	0.33	0.00	0.27
0.07	0.09	-0.50	-0.47	0.70	0.32	0.00	0.28
0.07	0.08	-0.50	-0.47	0.70	0.32	0.00	0.28
0.07	0.08	-0.50	-0.48	0.70	0.32	0.00	0.28
0.07	0.08	-0.50	-0.48	0.70	0.31	0.00	0.29
0.07	0.08	-0.50	-0.48	0.70	0.31	0.00	0.29
0.07	0.08	-0.50	-0.48	0.70	0.30	0.00	0.30
0.07	0.08	-0.50	-0.48	0.70	0.30	0.00	0.30
0.07	0.08	-0.50	-0.48	0.70	0.30	0.00	0.30
0.07	0.08	-0.50	-0.48	0.70	0.29	0.00	0.31
0.06	0.08	-0.50	-0.48	0.70	0.30	0.00	0.30
0.06	0.08	-0.50	-0.49	0.70	0.30	0.00	0.30
0.06	0.07	-0.50	-0.49	0.70	0.29	0.00	0.31
0.06	0.07	-0.50	-0.49	0.70	0.29	0.00	0.31
0.06	0.07	-0.50	-0.49	0.70	0.29	0.00	0.31
0.06	0.07	-0.50	-0.49	0.70	0.29	0.00	0.31
0.06	0.07	-0.50	-0.49	0.70	0.29	0.00	0.31
0.06	0.07	-0.50	-0.49	0.70	0.29	0.00	0.31
0.06	0.07	-0.50	-0.49	0.70	0.28	0.00	0.32
0.05	0.07	-0.50	-0.49	0.70	0.28	0.00	0.32
0.05	0.07	-0.50	-0.49	0.70	0.28	0.00	0.32
0.05	0.06	-0.50	-0.49	0.70	0.28	0.00	0.32
0.05	0.06	-0.50	-0.49	0.70	0.28	0.00	0.32
0.05	0.06	-0.50	-0.49	0.70	0.28	0.00	0.32
0.05	0.06	-0.50	-0.49	0.70	0.28	0.00	0.32
0.05	0.06	-0.50	-0.50	0.70	0.28	0.00	0.32
0.05	0.06	-0.50	-0.50	0.70	0.28	0.00	0.32
0.05	0.06	-0.50	-0.50	0.70	0.28	0.00	0.32
0.05	0.06	-0.51	-0.50	0.70	0.28	0.00	0.32
0.04	0.06	-0.51	-0.50	0.70	0.29	0.00	0.31
0.04	0.05	-0.51	-0.50	0.70	0.29	0.00	0.31
0.04	0.05	-0.51	-0.50	0.70	0.29	0.00	0.31
0.04	0.05	-0.51	-0.50	0.70	0.30	0.00	0.30
0.04	0.05	-0.51	-0.50	0.70	0.30	0.00	0.30
0.04	0.05	-0.52	-0.50	0.70	0.30	0.00	0.30
0.04	0.05	-0.52	-0.50	0.70	0.30	0.00	0.30
0.04	0.05	-0.52	-0.51	0.70	0.30	0.00	0.30
0.04	0.05	-0.52	-0.51	0.70	0.30	0.00	0.30
0.03	0.04	-0.52	-0.51	0.70	0.30	0.00	0.30
0.03	0.04	-0.52	-0.51	0.70	0.29	0.00	0.31
0.03	0.04	-0.52	-0.51	0.70	0.29	0.00	0.31
0.03	0.04	-0.52	-0.51	0.70	0.29	0.00	0.31
0.03	0.04	-0.52	-0.51	0.70	0.29	0.00	0.31
0.03	0.04	-0.52	-0.51	0.70	0.29	0.00	0.31
0.03	0.04	-0.52	-0.51	0.70	0.28	0.00	0.32
0.03	0.04	-0.52	-0.51	0.70	0.28	0.00	0.32
0.02	0.03	-0.51	-0.51	0.70	0.28	0.00	0.32
0.02	0.03	-0.52	-0.51	0.70	0.28	0.00	0.32
0.02	0.03	-0.52	-0.51	0.70	0.28	0.00	0.32
0.02	0.03	-0.51	-0.51	0.70	0.28	0.00	0.32
0.02	0.03	-0.52	-0.51	0.70	0.28	0.00	0.32
0.02	0.03	-0.51	-0.51	0.70	0.27	0.00	0.33
0.02	0.03	-0.51	-0.51	0.70	0.27	0.00	0.33
0.02	0.02	-0.51	-0.51	0.70	0.26	0.00	0.34
0.02	0.02	-0.51	-0.51	0.70	0.26	0.00	0.34
0.01	0.02	-0.51	-0.51	0.70	0.26	0.00	0.34
0.01	0.02	-0.51	-0.51	0.70	0.26	0.00	0.34
0.01	0.02	-0.50	-0.51	0.70	0.26	0.00	0.34
0.01	0.02	-0.50	-0.51	0.70	0.26	0.00	0.34
0.01	0.02	-0.50	-0.51	0.70	0.25	0.00	0.35
0.01	0.01	-0.50	-0.51	0.70	0.24	0.00	0.36
0.01	0.01	-0.50	-0.51	0.70	0.24	0.00	0.36
0.01	0.01	-0.50	-0.51	0.70	0.23	0.00	0.37
0.00	0.01	-0.50	-0.51	0.70	0.24	0.00	0.36
0.00	0.01	-0.50	-0.51	0.70	0.24	0.00	0.36
0.00	0.01	-0.49	-0.50	0.70	0.24	0.00	0.36
0.00	0.01	-0.49	-0.50	0.70	0.24	0.00	0.36
0.00	0.00	-0.50	-0.50	0.70	0.25	0.00	0.35
-0.00	0.00	-0.50	-0.50	0.70	0.25	0.00	0.35
-0.00	0.00	-0.49	-0.50	0.70	0.25	0.00	0.35
-0.00	-0.00	-0.50	-0.50	0.70	0.26	0.00	0.34
-0.00	-0.00	-0.50	-0.50	0.70	0.26	0.00	0.34
-0.01	-0.00	-0.50	-0.50	0.70	0.26	0.00	0.34
-0.01	-0.00	-0.50	-0.50	0.70	0.27	0.00	0.33
-0.01	-0.01	-0.50	-0.50	0.70	0.28	0.00	0.32
-0.01	-0.01	-0.49	-0.50	0.70	0.29	0.00	0.31
-0.01	-0.01	-0.48	-0.50	0.70	0.30	0.00	0.30
-0.01	-0.01	-0.46	-0.49	0.70	0.31	0.00	0.29
-0.01	-0.01	-0.44	-0.49	0.70	0.30	0.00	0.30
-0.02	-0.01	-0.43	-0.49	0.70	0.30	0.00	0.30
-0.02	-0.02	-0.42	-0.48	0.70	0.30	0.00	0.30
-0.02	-0.02	-0.42	-0.48	0.70	0.31	0.00	0.29
-0.02	-0.02	-0.41	-0.47	0.70	0.31	0.00	0.29
-0.02	-0.02	-0.39	-0.47	0.70	0.31	0.00	0.29
-0.02	-0.02	-0.38	-0.46	0.70	0.32	0.00	0.28
-0.02	-0.02	-0.37	-0.45	0.69	0.32	0.00	0.28
-0.02	-0.02	-0.36	-0.45	0.67	0.32	0.00	0.28
-0.03	-0.02	-0.34	-0.44	0.64	0.32	0.00	0.28
-0.03	-0.03	-0.33	-0.43	0.61	0.32	0.00	0.28
-0.03	-0.03	-0.32	-0.42	0.57	0.32	0.03	0.28
-0.03	-0.03	-0.30	-0.41	0.53	0.33	0.07	0.27
-0.03	-0.03	-0.29	-0.40	0.51	0.33	0.09	0.27
-0.03	-0.03	-0.27	-0.39	0.48	0.34	0.12	0.26
-0.03	-0.03	-0.25	-0.38	0.45	0.33	0.15	0.27
-0.03	-0.03	-0.24	-0.37	0.42	0.33	0.18	0.27
-0.03	-0.03	-0.23	-0.36	0.40	0.33	0.20	0.27
-0.03	-0.04	-0.22	-0.35	0.37	0.34	0.23	0.26
-0.04	-0.04	-0.20	-0.34	0.35	0.33	0.25	0.27
-0.04	-0.04	-0.19	-0.33	0.33	0.33	0.27	0.27
-0.04	-0.04	-0.18	-0.32	0.32	0.34	0.28	0.26
-0.04	-0.04	-0.17	-0.30	0.30	0.35	0.30	0.25
-0.04	-0.04	-0.16	-0.29	0.29	0.35	0.31	0.25
-0.04	-0.04	-0.15	-0.28	0.27	0.35	0.33	0.25
-0.04	-0.04	-0.14	-0.27	0.25	0.36	0.35	0.24
-0.04	-0.04	-0.13	-0.26	0.24	0.37	0.36	0.23
-0.04	-0.04	-0.12	-0.25	0.24	0.38	0.36	0.22
-0.04	-0.04	-0.12	-0.24	0.23	0.39	0.37	0.21
-0.04	-0.04	-0.11	-0.23	0.22	0.39	0.38	0.21
-0.04	-0.04	-0.10	-0.22	0.21	0.39	0.39	0.21
-0.04	-0.05	-0.09	-0.21	0.21	0.39	0.39	0.21
-0.04	-0.05	-0.08	-0.20	0.20	0.39	0.40	0.21
-0.04	-0.05	-0.08	-0.19	0.20	0.39	0.40	0.21
-0.04	-0.05	-0.07	-0.18	0.19	0.39	0.41	0.21
-0.04	-0.05	-0.06	-0.17	0.19	0.39	0.41	0.21
-0.04	-0.05	-0.06	-0.16	0.19	0.40	0.41	0.20
-0.04	-0.05	-0.05	-0.15	0.19	0.41	0.41	0.19
-0.05	-0.05	-0.04	-0.15	0.17	0.41	0.43	0.19
-0.05	-0.05	-0.03	-0.14	0.17	0.41	0.43	0.19
-0.05	-0.05	-0.02	-0.13	0.16	0.41	0.44	0.19
-0.05	-0.05	-0.02	-0.12	0.15	0.42	0.45	0.18
-0.05	-0.05	-0.01	-0.11	0.15	0.42	0.45	0.18
-0.05	-0.05	0.00	-0.10	0.14	0.43	0.46	0.17
-0.05	-0.05	0.01	-0.09	0.13	0.43	0.47	0.17
-0.05	-0.05	0.02	-0.09	0.12	0.42	0.48	0.18
-0.05	-0.05	0.03	-0.08	0.10	0.42	0.50	0.18
-0.05	-0.05	0.04	-0.07	0.10	0.42	0.50	0.18
-0.05	-0.05	0.06	-0.06	0.08	0.42	0.52	0.18
-0.05	-0.05	0.07	-0.05	0.06	0.41	0.54	0.19
-0.05	-0.04	0.08	-0.04	0.06	0.40	0.54	0.20
-0.05	-0.04	0.10	-0.03	0.04	0.40	0.56	0.20
-0.05	-0.04	0.11	-0.02	0.03	0.40	0.57	0.20
-0.05	-0.04	0.12	-0.01	0.01	0.39	0.59	0.21
-0.05	-0.04	0.14	0.00	0.00	0.38	0.61	0.22
-0.05	-0.04	0.16	0.02	0.00	0.37	0.62	0.23
-0.05	-0.04	0.17	0.03	0.00	0.36	0.64	0.24
-0.05	-0.04	0.18	0.04	0.00	0.36	0.65	0.24
-0.05	-0.04	0.20	0.05	0.00	0.34	0.66	0.26
-0.06	-0.04	0.21	0.06	0.00	0.34	0.69	0.26
-0.06	-0.04	0.23	0.08	0.00	0.34	0.70	0.26
-0.06	-0.04	0.24	0.09	0.00	0.33	0.70	0.27
-0.06	-0.04	0.26	0.10	0.00	0.32	0.70	0.28
-0.06	-0.04	0.28	0.11	0.00	0.31	0.70	0.29
-0.06	-0.04	0.29	0.13	0.00	0.31	0.70	0.29
-0.06	-0.03	0.31	0.14	0.00	0.30	0.70	0.30
-0.06	-0.03	0.33	0.16	0.00	0.29	0.70	0.31
-0.06	-0.03	0.34	0.17	0.00	0.27	0.70	0.33
-0.06	-0.03	0.36	0.18	0.00	0.27	0.70	0.33
-0.06	-0.03	0.38	0.20	0.00	0.25	0.70	0.35
-0.06	-0.03	0.39	0.21	0.00	0.25	0.70	0.35
-0.06	-0.03	0.41	0.23	0.00	0.24	0.70	0.36
-0.06	-0.03	0.43	0.24	0.00	0.23	0.70	0.37
-0.06	-0.03	0.44	0.26	0.00	0.22	0.70	0.38
-0.06	-0.03	0.46	0.27	0.00	0.21	0.70	0.39
-0.06	-0.03	0.47	0.29	0.00	0.20	0.70	0.40
-0.06	-0.03	0.49	0.30	0.00	0.20	0.70	0.40
-0.05	-0.03	0.50	0.32	0.00	0.19	0.70	0.41
-0.05	-0.02	0.52	0.33	0.00	0.19	0.70	0.41
